0.5764	165	1.60E-01	3.20E-02
0.5899	165	1.67E-01	3.33E-02
0.6089	165	1.68E-01	3.35E-02
0.6279	165	1.66E-01	3.33E-02
0.6415	165	1.49E-01	2.98E-02
0.6564	165	1.34E-01	2.68E-02
0.6741	165	1.37E-01	2.73E-02
0.6890	165	1.34E-01	2.69E-02
0.7094	165	1.30E-01	2.60E-02
0.7162	165	1.19E-01	2.39E-02
0.7406	165	1.36E-01	2.72E-02
0.7596	165	1.09E-01	2.18E-02
0.7786	165	1.12E-01	2.25E-02
0.7963	165	9.96E-02	1.99E-02
0.8071	165	8.75E-02	1.75E-02
0.8153	165	9.27E-02	1.85E-02
0.8302	165	9.67E-02	1.93E-02
0.8153	165	8.15E-02	1.63E-02
0.8397	165	8.10E-02	1.62E-02
0.8397	165	6.94E-02	1.39E-02
0.8492	165	7.39E-02	1.48E-02
0.8628	165	7.05E-02	1.41E-02
0.8736	165	5.60E-02	1.12E-02
0.8763	165	6.33E-02	1.27E-02
0.8858	165	6.41E-02	1.28E-02
0.8981	165	6.98E-02	1.40E-02
0.9062	165	6.46E-02	1.29E-02
0.9143	165	4.82E-02	9.64E-03
0.9306	165	6.63E-02	1.33E-02
0.9374	165	4.51E-02	9.03E-03
0.9442	165	4.93E-02	9.87E-03
0.9537	165	3.15E-02	6.30E-03
0.9659	165	4.48E-02	8.96E-03
0.9808	165	4.99E-02	9.98E-03
0.9904	165	3.33E-02	6.65E-03
0.9890	165	4.21E-02	8.41E-03
1.0066	165	4.20E-02	8.41E-03
1.0243	165	4.32E-02	8.63E-03
1.0175	165	3.38E-02	6.76E-03
1.0243	165	2.62E-02	5.24E-03
1.0324	165	2.89E-02	5.77E-03
1.0487	165	2.73E-02	5.46E-03
1.0501	165	3.18E-02	6.35E-03
1.0569	165	2.40E-02	4.81E-03
1.0636	165	2.12E-02	4.24E-03
1.0677	165	2.50E-02	5.00E-03
1.0799	165	5.73E-02	1.15E-02
1.0827	165	4.71E-02	9.43E-03
1.0935	165	4.24E-02	8.49E-03
1.0976	165	3.12E-02	6.24E-03
1.1003	165	2.46E-02	4.92E-03
1.1057	165	2.82E-02	5.64E-03
1.1139	165	1.94E-02	3.88E-03
1.1207	165	2.14E-02	4.28E-03
1.1247	165	1.51E-02	3.02E-03
1.1342	165	2.78E-02	5.55E-03
1.1424	165	1.81E-02	3.63E-03
1.1424	165	2.37E-02	4.73E-03
1.1573	165	1.02E-02	2.04E-03
1.1668	165	1.27E-02	2.53E-03
1.1573	165	2.17E-02	4.34E-03
1.1749	165	1.95E-02	3.90E-03
1.1831	165	2.86E-02	5.72E-03
1.1885	165	2.06E-02	4.12E-03
1.1858	165	3.29E-02	6.59E-03
1.1953	165	4.09E-02	8.17E-03
1.2089	165	4.32E-02	8.64E-03
1.2116	165	3.59E-02	7.18E-03
1.2197	165	4.67E-02	9.33E-03
1.2320	165	2.85E-02	5.70E-03
1.2374	165	3.99E-02	7.97E-03
1.2577	165	3.70E-02	7.39E-03
1.2591	165	5.29E-02	1.06E-02
1.2686	165	4.21E-02	8.42E-03
1.2700	165	6.08E-02	1.22E-02
1.2849	165	4.67E-02	9.34E-03
1.2903	165	6.25E-02	1.25E-02
1.3025	165	7.48E-02	1.50E-02
1.3066	165	9.29E-02	1.86E-02
1.3161	165	8.48E-02	1.70E-02
1.3283	165	9.47E-02	1.89E-02
1.3487	165	1.10E-01	1.10E-02
1.3473	165	1.30E-01	1.30E-02
1.3663	165	1.40E-01	1.40E-02
1.3786	165	1.59E-01	1.59E-02
1.3935	165	1.60E-01	1.60E-02
1.4084	165	1.71E-01	1.71E-02
1.4247	165	1.76E-01	1.76E-02
1.4410	165	1.82E-01	1.82E-02
1.4573	165	1.85E-01	1.85E-02
1.4681	165	1.95E-01	1.95E-02
1.4871	165	1.95E-01	1.95E-02
1.5061	165	1.92E-01	1.92E-02
1.5292	165	1.99E-01	1.99E-02
1.5469	165	1.76E-01	1.76E-02
1.5550	165	1.95E-01	1.95E-02
1.5699	165	1.89E-01	1.89E-02
1.5862	165	1.92E-01	1.92E-02
1.5984	165	1.83E-01	1.83E-02
1.6134	165	1.72E-01	1.72E-02
1.6283	165	1.67E-01	1.67E-02
1.6392	165	1.74E-01	1.74E-02
1.6595	165	1.82E-01	1.82E-02
1.6758	165	1.68E-01	1.68E-02
1.6853	165	1.75E-01	1.75E-02
1.7016	165	1.74E-01	1.74E-02
1.7165	165	1.70E-01	1.70E-02
1.7206	165	1.55E-01	1.55E-02
1.7437	165	1.51E-01	1.51E-02
1.7464	165	1.59E-01	1.59E-02
1.7600	165	1.59E-01	1.59E-02
1.7776	165	1.60E-01	1.60E-02
1.7939	165	1.63E-01	1.63E-02
1.8115	165	1.62E-01	1.62E-02
1.8197	165	1.54E-01	1.54E-02
1.8265	165	1.60E-01	1.60E-02
1.8387	165	1.46E-01	1.46E-02
1.8509	165	1.52E-01	1.52E-02
1.8618	165	1.52E-01	1.52E-02
1.8767	165	1.65E-01	1.65E-02
1.8821	165	1.33E-01	1.33E-02
1.8848	165	1.18E-01	1.18E-02
1.9025	165	9.51E-02	9.51E-03
1.9052	165	7.39E-02	7.39E-03
1.9133	165	5.86E-02	5.86E-03
1.9242	165	4.25E-02	4.25E-03
1.9405	165	5.05E-02	5.05E-03
1.9459	165	7.33E-02	7.33E-03
1.9513	165	1.09E-01	1.09E-02
1.9595	165	1.46E-01	1.46E-02
1.9880	165	1.58E-01	1.58E-02
1.9880	165	1.90E-01	1.90E-02
2.0016	165	1.72E-01	1.72E-02
2.0151	165	1.48E-01	1.48E-02
2.0165	165	1.67E-01	1.67E-02
2.0219	165	1.83E-01	1.83E-02
2.0396	165	1.69E-01	1.69E-02
2.0504	165	1.84E-01	1.84E-02
2.0640	165	1.74E-01	1.74E-02
2.0803	165	1.68E-01	1.68E-02
2.0912	165	1.91E-01	1.91E-02
2.1088	165	1.83E-01	1.83E-02
2.1237	165	1.98E-01	1.98E-02
2.1359	165	2.16E-01	2.16E-02
2.1441	165	2.39E-01	2.39E-02
2.1563	165	2.58E-01	2.58E-02
2.1807	165	2.37E-01	2.37E-02
2.1794	165	2.77E-01	2.77E-02
2.1930	165	2.94E-01	2.94E-02
2.2052	165	3.16E-01	3.16E-02
2.2106	165	3.32E-01	3.32E-02
2.2215	165	3.58E-01	3.58E-02
2.2296	165	4.11E-01	4.11E-02
2.2364	165	4.98E-01	4.98E-02
2.2472	165	5.51E-01	5.51E-02
2.2540	165	6.34E-01	6.34E-02
2.2635	165	7.93E-01	7.93E-02
2.2785	165	8.75E-01	8.75E-02
2.2825	165	1.05E+00	1.05E-01
2.2907	165	1.23E+00	1.23E-01
2.3110	165	1.26E+00	1.26E-01
2.3178	165	1.11E+00	1.11E-01
2.3205	165	9.93E-01	9.93E-02
2.3205	165	7.95E-01	7.95E-02
2.3341	165	6.62E-01	6.62E-02
2.3423	165	4.99E-01	4.99E-02
2.3531	165	3.82E-01	3.82E-02
2.3640	165	3.11E-01	3.11E-02
2.3680	165	2.33E-01	2.33E-02
2.3789	165	1.77E-01	1.77E-02
2.3898	165	1.57E-01	1.57E-02
2.3911	165	1.49E-01	1.49E-02
2.4061	165	1.23E-01	1.23E-02
2.4101	165	1.17E-01	1.17E-02
2.4237	165	1.08E-01	1.08E-02
2.4305	165	9.63E-02	9.63E-03
2.4427	165	9.78E-02	9.78E-03
2.4481	165	9.09E-02	9.09E-03
2.4590	165	9.01E-02	9.01E-03
2.4685	165	8.21E-02	8.21E-03
2.4807	165	9.01E-02	9.01E-03
2.4875	165	7.88E-02	7.88E-03
2.4970	165	8.60E-02	8.60E-03
2.5119	165	8.13E-02	8.13E-03
2.5214	165	8.07E-02	8.07E-03
2.5282	165	7.44E-02	7.44E-03
2.5404	165	8.03E-02	8.03E-03
2.5540	165	7.41E-02	7.41E-03
2.5621	165	8.75E-02	8.75E-03
0.6062	141	1.61E-01	3.23E-02
0.6212	141	1.47E-01	2.95E-02
0.6388	141	1.58E-01	3.15E-02
0.6497	141	1.38E-01	2.75E-02
0.6687	141	1.51E-01	3.01E-02
0.6822	141	1.30E-01	2.61E-02
0.6931	141	1.27E-01	2.53E-02
0.7148	141	1.18E-01	2.36E-02
0.7406	141	1.16E-01	2.32E-02
0.7487	141	9.91E-02	1.98E-02
0.7677	141	1.09E-01	2.18E-02
0.7827	141	9.41E-02	1.88E-02
0.8098	141	9.34E-02	1.87E-02
0.8248	141	8.35E-02	1.67E-02
0.8424	141	8.88E-02	1.78E-02
0.8587	141	8.06E-02	1.61E-02
0.8831	141	7.43E-02	1.49E-02
0.8967	141	5.97E-02	1.19E-02
0.9198	141	5.68E-02	1.14E-02
0.9361	141	5.63E-02	1.13E-02
0.9456	141	4.90E-02	9.80E-03
0.9469	141	3.91E-02	7.81E-03
0.9605	141	3.55E-02	7.09E-03
0.9741	141	4.50E-02	9.01E-03
0.9836	141	5.52E-02	1.10E-02
0.9863	141	3.73E-02	7.46E-03
0.9876	141	2.57E-02	5.14E-03
1.0026	141	4.48E-02	8.96E-03
1.0053	141	2.68E-02	5.37E-03
1.0121	141	2.99E-02	5.98E-03
1.0216	141	2.15E-02	4.31E-03
1.0229	141	2.51E-02	5.01E-03
1.0270	141	3.22E-02	6.44E-03
1.0351	141	3.89E-02	7.79E-03
1.0474	141	1.70E-02	3.40E-03
1.0487	141	3.76E-02	7.53E-03
1.0487	141	2.67E-02	5.34E-03
1.0650	141	2.70E-02	5.41E-03
1.0664	141	5.05E-02	1.01E-02
1.0732	141	5.82E-02	1.16E-02
1.0745	141	3.10E-02	6.20E-03
1.0867	141	3.01E-02	6.01E-03
1.0989	141	2.22E-02	4.43E-03
1.1139	141	2.50E-02	4.99E-03
1.1152	141	1.65E-02	3.30E-03
1.1234	141	2.00E-02	4.00E-03
1.1315	141	1.81E-02	3.62E-03
1.1356	141	1.16E-02	2.32E-03
1.1424	141	1.56E-02	3.12E-03
1.1627	141	1.98E-02	3.97E-03
1.1722	141	1.70E-02	3.40E-03
1.1804	141	2.37E-02	4.73E-03
1.1831	141	3.18E-02	6.36E-03
1.1953	141	3.43E-02	6.85E-03
1.1980	141	4.73E-02	9.46E-03
1.2048	141	4.29E-02	8.58E-03
1.2089	141	3.72E-02	7.43E-03
1.2225	141	3.67E-02	7.33E-03
1.2292	141	2.00E-02	4.01E-03
1.2374	141	2.70E-02	5.39E-03
1.2415	141	1.73E-02	3.46E-03
1.2496	141	3.33E-02	6.67E-03
1.2645	141	4.11E-02	8.22E-03
1.2754	141	4.36E-02	8.73E-03
1.2808	141	5.50E-02	1.10E-02
1.2808	141	6.54E-02	1.31E-02
1.2930	141	4.71E-02	9.42E-03
1.3052	141	6.75E-02	1.35E-02
1.3134	141	7.20E-02	1.44E-02
1.3134	141	8.19E-02	1.64E-02
1.3215	141	9.69E-02	1.94E-02
1.3351	141	8.42E-02	8.42E-03
1.3324	141	1.03E-01	2.06E-02
1.3446	141	1.06E-01	1.06E-02
1.3528	141	1.15E-01	1.15E-02
1.3582	141	1.29E-01	1.29E-02
1.3650	141	1.39E-01	1.39E-02
1.3813	141	1.31E-01	1.31E-02
1.3908	141	1.41E-01	1.41E-02
1.4043	141	1.52E-01	1.52E-02
1.4138	141	1.79E-01	1.79E-02
1.4179	141	1.63E-01	1.63E-02
1.4356	141	1.54E-01	1.54E-02
1.4423	141	1.75E-01	1.75E-02
1.4532	141	1.63E-01	1.63E-02
1.4695	141	1.79E-01	1.79E-02
1.4871	141	1.71E-01	1.71E-02
1.4966	141	1.87E-01	1.87E-02
1.5061	141	1.89E-01	1.89E-02
1.5156	141	1.84E-01	1.84E-02
1.5184	141	1.65E-01	1.65E-02
1.5374	141	1.77E-01	1.77E-02
1.5564	141	1.85E-01	1.85E-02
1.5686	141	1.66E-01	1.66E-02
1.5835	141	1.81E-01	1.81E-02
1.6025	141	1.63E-01	1.63E-02
1.6161	141	1.62E-01	1.62E-02
1.6269	141	1.67E-01	1.67E-02
1.6446	141	1.76E-01	1.76E-02
1.6514	141	1.51E-01	1.51E-02
1.6541	141	1.73E-01	1.73E-02
1.6717	141	1.53E-01	1.53E-02
1.6799	141	1.72E-01	1.72E-02
1.6989	141	1.53E-01	1.53E-02
1.7165	141	1.50E-01	1.50E-02
1.7410	141	1.37E-01	1.37E-02
1.7518	141	1.52E-01	1.52E-02
1.7708	141	1.38E-01	1.38E-02
1.7722	141	1.58E-01	1.58E-02
1.7817	141	1.52E-01	1.52E-02
1.7912	141	1.39E-01	1.39E-02
1.7993	141	1.61E-01	1.61E-02
1.8156	141	1.37E-01	1.37E-02
1.8197	141	1.48E-01	1.48E-02
1.8333	141	1.47E-01	1.47E-02
1.8482	141	1.44E-01	1.44E-02
1.8631	141	1.41E-01	1.41E-02
1.8781	141	1.45E-01	1.45E-02
1.8876	141	1.24E-01	1.24E-02
1.8916	141	1.12E-01	1.12E-02
1.9025	141	9.22E-02	9.22E-03
1.9106	141	7.44E-02	7.44E-03
1.9174	141	5.91E-02	5.91E-03
1.9256	141	4.26E-02	4.26E-03
1.9323	141	5.82E-02	5.82E-03
1.9418	141	7.79E-02	7.79E-03
1.9418	141	9.99E-02	9.99E-03
1.9568	141	1.17E-01	1.17E-02
1.9595	141	1.30E-01	1.30E-02
1.9690	141	1.48E-01	1.48E-02
1.9866	141	1.39E-01	1.39E-02
2.0070	141	1.35E-01	1.35E-02
2.0111	141	1.56E-01	1.56E-02
2.0369	141	1.42E-01	1.42E-02
2.0545	141	1.37E-01	1.37E-02
2.0735	141	1.40E-01	1.40E-02
2.0939	141	1.45E-01	1.45E-02
2.1047	141	1.58E-01	1.58E-02
2.1183	141	1.59E-01	1.59E-02
2.1278	141	1.41E-01	1.41E-02
2.1373	141	1.57E-01	1.57E-02
2.1414	141	1.72E-01	1.72E-02
2.1522	141	1.84E-01	1.84E-02
2.1794	141	1.74E-01	1.74E-02
2.1848	141	1.97E-01	1.97E-02
2.2011	141	2.18E-01	2.18E-02
2.2215	141	2.20E-01	2.20E-02
2.2201	141	2.49E-01	2.49E-02
2.2296	141	2.78E-01	2.78E-02
2.2391	141	3.00E-01	3.00E-02
2.2472	141	3.48E-01	3.48E-02
2.2540	141	3.87E-01	3.87E-02
2.2662	141	4.47E-01	4.47E-02
2.2690	141	4.98E-01	4.98E-02
2.2758	141	5.49E-01	5.49E-02
2.2866	141	6.14E-01	6.14E-02
2.2988	141	6.62E-01	6.62E-02
2.3083	141	6.18E-01	6.18E-02
2.3165	141	5.12E-01	5.12E-02
2.3246	141	4.28E-01	4.28E-02
2.3355	141	3.40E-01	3.40E-02
2.3463	141	2.41E-01	2.41E-02
2.3531	141	2.14E-01	2.14E-02
2.3626	141	1.92E-01	1.92E-02
2.3708	141	1.62E-01	1.62E-02
2.3830	141	1.48E-01	1.48E-02
2.3871	141	1.39E-01	1.39E-02
2.4020	141	1.29E-01	1.29E-02
2.4047	141	1.09E-01	1.09E-02
2.4183	141	1.10E-01	1.10E-02
2.4223	141	1.03E-01	1.03E-02
2.4373	141	1.09E-01	1.09E-02
2.4427	141	9.91E-02	9.91E-03
2.4549	141	1.09E-01	1.09E-02
2.4617	141	9.93E-02	9.93E-03
2.4671	141	1.09E-01	1.09E-02
2.4780	141	9.23E-02	9.23E-03
2.4861	141	1.04E-01	1.04E-02
2.4970	141	9.49E-02	9.49E-03
2.5092	141	9.39E-02	9.39E-03
2.5228	141	9.95E-02	9.95E-03
2.5309	141	9.08E-02	9.08E-03
2.5581	141	9.27E-02	9.27E-03
0.6130	125	1.91E-01	3.81E-02
0.6374	125	2.01E-01	4.02E-02
0.6524	125	1.87E-01	3.74E-02
0.6714	125	1.43E-01	2.86E-02
0.6809	125	1.64E-01	3.27E-02
0.7040	125	1.55E-01	3.09E-02
0.7175	125	1.24E-01	2.49E-02
0.7270	125	1.39E-01	2.78E-02
0.7542	125	1.21E-01	2.42E-02
0.7786	125	1.14E-01	2.27E-02
0.8030	125	1.19E-01	2.37E-02
0.8071	125	9.73E-02	1.95E-02
0.8234	125	9.28E-02	1.86E-02
0.8383	125	1.00E-01	2.00E-02
0.8546	125	1.02E-01	2.05E-02
0.8478	125	8.47E-02	1.69E-02
0.8804	125	7.16E-02	1.43E-02
0.8967	125	7.59E-02	1.52E-02
0.9184	125	7.49E-02	1.50E-02
0.9374	125	7.14E-02	1.43E-02
0.9456	125	5.33E-02	1.07E-02
0.9564	125	5.93E-02	1.19E-02
0.9714	125	5.95E-02	1.19E-02
0.9754	125	4.85E-02	9.70E-03
0.9904	125	3.40E-02	6.80E-03
1.0012	125	3.91E-02	7.83E-03
1.0012	125	4.41E-02	8.83E-03
1.0189	125	5.06E-02	1.01E-02
1.0419	125	3.71E-02	7.43E-03
1.0569	125	4.71E-02	9.42E-03
1.0582	125	3.19E-02	6.39E-03
1.0718	125	4.35E-02	8.71E-03
1.0745	125	3.07E-02	6.15E-03
1.0840	125	1.92E-02	3.84E-03
1.0976	125	2.71E-02	5.41E-03
1.1044	125	1.29E-02	2.58E-03
1.1139	125	2.58E-02	5.17E-03
1.1152	125	1.51E-02	3.03E-03
1.1329	125	1.18E-02	2.35E-03
1.1329	125	1.34E-02	2.67E-03
1.1478	125	1.40E-02	2.79E-03
1.1559	125	2.15E-02	4.30E-03
1.1668	125	2.15E-02	4.29E-03
1.1709	125	1.78E-02	3.56E-03
1.1831	125	3.55E-02	7.11E-03
1.1967	125	3.48E-02	6.95E-03
1.1967	125	1.44E-02	2.87E-03
1.1994	125	3.12E-02	6.24E-03
1.2102	125	3.55E-02	7.10E-03
1.2116	125	2.29E-02	4.57E-03
1.2252	125	3.13E-02	6.25E-03
1.2292	125	2.83E-02	5.65E-03
1.2442	125	1.13E-02	2.26E-03
1.2482	125	2.31E-02	4.62E-03
1.2577	125	2.61E-02	5.22E-03
1.2659	125	3.22E-02	6.44E-03
1.2808	125	3.70E-02	7.41E-03
1.2876	125	4.10E-02	8.20E-03
1.3052	125	4.46E-02	8.92E-03
1.2998	125	6.02E-02	1.20E-02
1.3093	125	7.41E-02	1.48E-02
1.3270	125	6.80E-02	1.36E-02
1.3229	125	8.26E-02	1.65E-02
1.3338	125	8.86E-02	8.86E-03
1.3419	125	9.78E-02	9.78E-03
1.3528	125	1.09E-01	1.09E-02
1.3677	125	1.14E-01	1.14E-02
1.3745	125	1.23E-01	1.23E-02
1.3867	125	1.26E-01	1.26E-02
1.3989	125	1.37E-01	1.37E-02
1.4111	125	1.51E-01	1.51E-02
1.4247	125	1.48E-01	1.48E-02
1.4356	125	1.66E-01	1.66E-02
1.4518	125	1.69E-01	1.69E-02
1.4722	125	1.72E-01	1.72E-02
1.4926	125	1.78E-01	1.78E-02
1.5061	125	1.74E-01	1.74E-02
1.5251	125	1.75E-01	1.75E-02
1.5346	125	1.76E-01	1.76E-02
1.5564	125	1.69E-01	1.69E-02
1.5659	125	1.76E-01	1.76E-02
1.5767	125	1.77E-01	1.77E-02
1.5984	125	1.68E-01	1.68E-02
1.6120	125	1.69E-01	1.69E-02
1.6269	125	1.70E-01	1.70E-02
1.6364	125	1.63E-01	1.63E-02
1.6514	125	1.64E-01	1.64E-02
1.6663	125	1.63E-01	1.63E-02
1.6840	125	1.65E-01	1.65E-02
1.6948	125	1.57E-01	1.57E-02
1.7125	125	1.58E-01	1.58E-02
1.7260	125	1.43E-01	1.43E-02
1.7355	125	1.47E-01	1.47E-02
1.7491	125	1.33E-01	1.33E-02
1.7477	125	1.52E-01	1.52E-02
1.7613	125	1.55E-01	1.55E-02
1.7790	125	1.50E-01	1.50E-02
1.8034	125	1.43E-01	1.43E-02
1.8088	125	1.30E-01	1.30E-02
1.8170	125	1.36E-01	1.36E-02
1.8305	125	1.42E-01	1.42E-02
1.8468	125	1.35E-01	1.35E-02
1.8631	125	1.20E-01	1.20E-02
1.8862	125	1.25E-01	1.25E-02
1.8943	125	1.08E-01	1.08E-02
1.9025	125	8.87E-02	8.87E-03
1.9161	125	6.94E-02	6.94E-03
1.9256	125	6.31E-02	6.31E-03
1.9323	125	7.96E-02	7.96E-03
1.9364	125	9.50E-02	9.50E-03
1.9473	125	1.08E-01	1.08E-02
1.9608	125	1.12E-01	1.12E-02
1.9771	125	1.22E-01	1.22E-02
1.9948	125	1.25E-01	1.25E-02
2.0151	125	1.15E-01	1.15E-02
2.0233	125	1.28E-01	1.28E-02
2.0396	125	1.16E-01	1.16E-02
2.0491	125	1.29E-01	1.29E-02
2.0613	125	1.22E-01	1.22E-02
2.0721	125	1.21E-01	1.21E-02
2.0912	125	1.21E-01	1.21E-02
2.1183	125	1.08E-01	1.08E-02
2.1454	125	1.24E-01	1.24E-02
2.1237	125	1.18E-01	1.18E-02
2.1577	125	1.14E-01	1.14E-02
2.1645	125	1.23E-01	1.23E-02
2.1889	125	1.33E-01	1.33E-02
2.2215	125	1.31E-01	1.31E-02
2.2269	125	1.38E-01	1.38E-02
2.2377	125	1.48E-01	1.48E-02
2.2445	125	1.55E-01	1.55E-02
2.2540	125	1.79E-01	1.79E-02
2.2635	125	2.04E-01	2.04E-02
2.2690	125	2.47E-01	2.47E-02
2.2825	125	2.77E-01	2.77E-02
2.2907	125	3.03E-01	3.03E-02
2.3015	125	3.05E-01	3.05E-02
2.3151	125	2.84E-01	2.84E-02
2.3192	125	2.60E-01	2.60E-02
2.3368	125	2.29E-01	2.29E-02
2.3341	125	1.98E-01	1.98E-02
2.3436	125	1.84E-01	1.84E-02
2.3572	125	1.78E-01	1.78E-02
2.3694	125	1.65E-01	1.65E-02
2.3748	125	1.44E-01	1.44E-02
2.3884	125	1.52E-01	1.52E-02
2.3898	125	1.40E-01	1.40E-02
2.3925	125	1.26E-01	1.26E-02
2.3993	125	1.35E-01	1.35E-02
2.4088	125	1.27E-01	1.27E-02
2.4278	125	1.22E-01	1.22E-02
2.4359	125	1.33E-01	1.33E-02
2.4427	125	1.25E-01	1.25E-02
2.4658	125	1.23E-01	1.23E-02
2.4793	125	1.08E-01	1.08E-02
2.4984	125	1.16E-01	1.16E-02
2.5174	125	1.07E-01	1.07E-02
2.5391	125	1.09E-01	1.09E-02
0.7490	90	3.04E-01	6.08E-02
0.7734	90	3.19E-01	6.39E-02
0.8087	90	3.03E-01	6.05E-02
0.8277	90	2.67E-01	5.35E-02
0.8494	90	2.50E-01	5.00E-02
0.8806	90	2.19E-01	4.38E-02
0.9023	90	2.20E-01	4.40E-02
0.9213	90	2.07E-01	4.15E-02
0.9322	90	1.84E-01	3.69E-02
0.9417	90	1.74E-01	3.49E-02
0.9512	90	1.76E-01	3.51E-02
0.9566	90	1.86E-01	3.72E-02
0.9621	90	1.46E-01	2.91E-02
0.9797	90	1.51E-01	3.01E-02
1.0014	90	1.39E-01	2.79E-02
1.0164	90	1.23E-01	2.46E-02
1.0408	90	1.28E-01	2.56E-02
1.0516	90	9.76E-02	1.95E-02
1.0584	90	1.02E-01	2.05E-02
1.0720	90	1.30E-01	2.61E-02
1.0788	90	1.55E-01	3.09E-02
1.0910	90	9.98E-02	2.00E-02
1.0924	90	7.17E-02	1.43E-02
1.1073	90	8.30E-02	1.66E-02
1.1154	90	5.94E-02	1.19E-02
1.1263	90	6.58E-02	1.32E-02
1.1358	90	5.26E-02	1.05E-02
1.1358	90	6.30E-02	1.26E-02
1.1521	90	4.85E-02	9.71E-03
1.1616	90	4.57E-02	9.15E-03
1.1548	90	3.60E-02	7.20E-03
1.1711	90	3.92E-02	7.84E-03
1.1684	90	2.74E-02	5.48E-03
1.1874	90	2.72E-02	5.44E-03
1.1874	90	2.92E-02	5.84E-03
1.2077	90	2.90E-02	5.79E-03
1.2145	90	2.49E-02	4.99E-03
1.2213	90	4.04E-02	8.07E-03
1.2335	90	3.16E-02	6.32E-03
1.2430	90	2.60E-02	5.19E-03
1.2390	90	1.73E-02	3.45E-03
1.2498	90	1.48E-02	2.96E-03
1.2620	90	1.61E-02	3.22E-03
1.2634	90	2.17E-02	4.34E-03
1.2729	90	1.48E-02	2.95E-03
1.2742	90	1.83E-02	3.65E-03
1.2838	90	1.61E-02	3.22E-03
1.2960	90	1.45E-02	2.90E-03
1.3028	90	3.09E-02	6.19E-03
1.3055	90	3.54E-02	7.07E-03
1.3136	90	3.62E-02	7.23E-03
1.3218	90	3.25E-02	6.50E-03
1.3340	90	4.79E-02	9.58E-03
1.3421	90	5.87E-02	5.87E-03
1.3489	90	6.02E-02	6.02E-03
1.3543	90	8.36E-02	8.36E-03
1.3638	90	7.63E-02	7.63E-03
1.3706	90	8.83E-02	8.83E-03
1.3883	90	9.38E-02	9.38E-03
1.3923	90	1.07E-01	1.07E-02
1.4100	90	9.92E-02	9.92E-03
1.4168	90	1.18E-01	1.18E-02
1.4236	90	1.36E-01	1.36E-02
1.4331	90	1.29E-01	1.29E-02
1.4466	90	1.38E-01	1.38E-02
1.4561	90	1.28E-01	1.28E-02
1.4670	90	1.44E-01	1.44E-02
1.4751	90	1.40E-01	1.40E-02
1.4792	90	1.50E-01	1.50E-02
1.4996	90	1.61E-01	1.61E-02
1.5064	90	1.50E-01	1.50E-02
1.5254	90	1.50E-01	1.50E-02
1.5308	90	1.74E-01	1.74E-02
1.5376	90	1.58E-01	1.58E-02
1.5498	90	1.57E-01	1.57E-02
1.5647	90	1.60E-01	1.60E-02
1.5783	90	1.62E-01	1.62E-02
1.5987	90	1.67E-01	1.67E-02
1.6068	90	1.64E-01	1.64E-02
1.6231	90	1.72E-01	1.72E-02
1.6421	90	1.50E-01	1.50E-02
1.6489	90	1.68E-01	1.68E-02
1.6584	90	1.54E-01	1.54E-02
1.6652	90	1.66E-01	1.66E-02
1.6747	90	1.60E-01	1.60E-02
1.6855	90	1.58E-01	1.58E-02
1.7086	90	1.58E-01	1.58E-02
1.7235	90	1.81E-01	1.81E-02
1.7330	90	1.67E-01	1.67E-02
1.7452	90	1.68E-01	1.68E-02
1.7452	90	1.43E-01	1.43E-02
1.7602	90	1.67E-01	1.67E-02
1.7710	90	1.59E-01	1.59E-02
1.7927	90	1.26E-01	1.26E-02
1.7968	90	1.47E-01	1.47E-02
1.8104	90	1.40E-01	1.40E-02
1.8213	90	1.52E-01	1.52E-02
1.8403	90	1.27E-01	1.27E-02
1.8565	90	1.33E-01	1.33E-02
1.8742	90	1.23E-01	1.23E-02
1.8837	90	1.39E-01	1.39E-02
1.9068	90	1.73E-01	1.73E-02
1.9231	90	1.41E-01	1.41E-02
1.9298	90	1.40E-01	1.40E-02
1.9448	90	1.38E-01	1.38E-02
1.9665	90	1.34E-01	1.34E-02
1.9787	90	1.20E-01	1.20E-02
1.9841	90	1.40E-01	1.40E-02
2.0099	90	1.27E-01	1.27E-02
2.0235	90	1.15E-01	1.15E-02
2.0398	90	1.16E-01	1.16E-02
2.0479	90	1.34E-01	1.34E-02
2.0656	90	1.33E-01	1.33E-02
2.0696	90	1.20E-01	1.20E-02
2.0846	90	1.11E-01	1.11E-02
2.1077	90	1.25E-01	1.25E-02
2.0914	90	1.28E-01	1.28E-02
2.1280	90	1.21E-01	1.21E-02
2.1457	90	1.20E-01	1.20E-02
2.1497	90	9.67E-02	9.67E-03
2.1592	90	1.01E-01	1.01E-02
2.1796	90	9.01E-02	9.01E-03
2.1850	90	9.78E-02	9.78E-03
2.1986	90	9.49E-02	9.49E-03
2.2040	90	8.22E-02	8.22E-03
2.2122	90	7.24E-02	7.24E-03
2.2162	90	6.33E-02	6.33E-03
2.2352	90	6.97E-02	6.97E-03
2.2352	90	5.42E-02	5.42E-03
2.2515	90	4.09E-02	4.09E-03
2.2583	90	3.42E-02	3.42E-03
2.2651	90	3.12E-02	3.12E-03
2.2746	90	2.43E-02	2.43E-03
2.2909	90	2.00E-02	2.00E-03
2.2950	90	4.80E-02	4.80E-03
2.3113	90	8.02E-02	8.02E-03
2.3140	90	1.12E-01	1.12E-02
2.3235	90	1.34E-01	1.34E-02
2.3330	90	1.56E-01	1.56E-02
2.3479	90	1.69E-01	1.69E-02
2.3506	90	1.53E-01	1.53E-02
2.3642	90	1.54E-01	1.54E-02
2.3723	90	1.69E-01	1.69E-02
2.3791	90	1.50E-01	1.50E-02
2.3954	90	1.60E-01	1.60E-02
2.4090	90	1.47E-01	1.47E-02
2.4239	90	1.48E-01	1.48E-02
2.4416	90	1.54E-01	1.54E-02
2.4470	90	1.24E-01	1.24E-02
2.4388	90	1.37E-01	1.37E-02
2.4524	90	1.46E-01	1.46E-02
2.4619	90	1.31E-01	1.31E-02
2.4701	90	1.37E-01	1.37E-02
2.4918	90	1.26E-01	1.26E-02
2.5108	90	1.26E-01	1.26E-02
2.5271	90	1.31E-01	1.31E-02
2.5583	90	1.27E-01	1.27E-02

