0.66365	138.25	0.158783034	0.015878303
0.69705	138.25	0.15576806	0.015576806
0.70731	138.25	0.134317226	0.013431723
0.72724	138.25	0.141678535	0.014167854
0.74079	138.25	0.126124378	0.012612438
0.75755	138.25	0.120593541	0.012059354
0.78102	138.25	0.113443529	0.011344353
0.80104	138.25	0.114436666	0.011443667
0.81972	138.25	0.09511665	0.009511665
0.83454	138.25	0.107529854	0.010752985
0.85152	138.25	0.090791532	0.009079153
0.87824	138.25	0.090571543	0.009057154
0.89512	138.25	0.08133431	0.008133431
0.91506	138.25	0.086786673	0.008678667
0.937	138.25	0.075696429	0.007569643
0.95211	138.25	0.072584057	0.007258406
0.97586	138.25	0.058374218	0.005837422
0.9994	138.25	0.053487317	0.005348732
1.01275	138.25	0.054189111	0.005418911
1.02465	138.25	0.047939665	0.004793967
1.02846	138.25	0.036412987	0.003641299
1.04028	138.25	0.033867208	0.003386721
1.05152	138.25	0.044181525	0.004418153
1.06285	138.25	0.054854147	0.005485415
1.06854	138.25	0.036872056	0.003687206
1.07086	138.25	0.025191264	0.002519126
1.08334	138.25	0.042451011	0.004245101
1.09255	138.25	0.025681137	0.002568114
1.09909	138.25	0.028019459	0.002801946
1.10962	138.25	0.020827621	0.002082762
1.11104	138.25	0.024103516	0.002410352
1.11731	138.25	0.030838432	0.003083843
1.1237	138.25	0.036804661	0.003680466
1.13508	138.25	0.016485459	0.001648546
1.1354	138.25	0.016607324	0.001660732
1.14103	138.25	0.025481723	0.002548172
1.15438	138.25	0.025900596	0.00259006
1.15494	138.25	0.049769711	0.004976971
1.16312	138.25	0.05526688	0.005526688
1.16586	138.25	0.029461511	0.002946151
1.18095	138.25	0.028711464	0.002871146
1.19146	138.25	0.021583719	0.002158372
1.20801	138.25	0.023881314	0.002388131
1.21207	138.25	0.015644614	0.001564461
1.21842	138.25	0.019063387	0.001906339
1.22697	138.25	0.017024222	0.001702422
1.23435	138.25	0.011315488	0.001131549
1.24062	138.25	0.014493441	0.001449344
1.26025	138.25	0.01872014	0.001872014
1.26885	138.25	0.016234012	0.001623401
1.27666	138.25	0.028737807	0.002873781
1.27778	138.25	0.031095435	0.003109544
1.29211	138.25	0.047495967	0.004749597
1.29437	138.25	0.033457844	0.003345784
1.30735	138.25	0.036297658	0.003629766
1.30762	138.25	0.036196097	0.00361961
1.32267	138.25	0.0360827	0.00360827
1.33044	138.25	0.019099854	0.001909985
1.33654	138.25	0.027039237	0.002703924
1.34397	138.25	0.017461617	0.001746162
1.34953	138.25	0.033976136	0.003397614
1.36765	138.25	0.03993282	0.003993282
1.37751	138.25	0.044330121	0.004433012
1.38049	138.25	0.064156099	0.00641561
1.3819	138.25	0.064195922	0.006419592
1.39585	138.25	0.045814543	0.004581454
1.41365	138.25	0.065092498	0.00650925
1.41666	138.25	0.079023169	0.007902317
1.42357	138.25	0.069482512	0.006948251
1.42808	138.25	0.093872602	0.00938726
1.43827	138.25	0.085489756	0.008548976
1.44136	138.25	0.099746663	0.009974666
1.45465	138.25	0.104960092	0.010496009
1.45953	138.25	0.113984697	0.01139847
1.46441	138.25	0.123786126	0.012378613
1.47098	138.25	0.13280337	0.013280337
1.48776	138.25	0.128533038	0.012853304
1.49601	138.25	0.137601847	0.013760185
1.5126	138.25	0.148611127	0.014861113
1.52735	138.25	0.177694679	0.017769468
1.54432	138.25	0.154307804	0.01543078
1.55255	138.25	0.166913602	0.01669136
1.56605	138.25	0.156107644	0.015610764
1.58261	138.25	0.172147005	0.017214701
1.59937	138.25	0.168544736	0.016854474
1.63108	138.25	0.177146969	0.017714697
1.66124	138.25	0.172448709	0.017244871
1.6779	138.25	0.179383324	0.017938332
1.68982	138.25	0.158584431	0.015858443
1.70637	138.25	0.176894196	0.01768942
1.72328	138.25	0.158625234	0.015862523
1.73669	138.25	0.15617601	0.015617601
1.75503	138.25	0.162282864	0.016228286
1.76668	138.25	0.168275364	0.016827536
1.77691	138.25	0.150641944	0.015064194
1.80033	138.25	0.151158082	0.015115808
1.81015	138.25	0.171768897	0.01717689
1.83049	138.25	0.147652798	0.01476528
1.84556	138.25	0.146686681	0.014668668
1.87084	138.25	0.131851928	0.013185193
1.88234	138.25	0.149622713	0.014962271
1.89758	138.25	0.15328988	0.015328988
1.89902	138.25	0.154460257	0.015446026
1.92436	138.25	0.134866217	0.013486622
1.93582	138.25	0.156166896	0.01561669
1.95116	138.25	0.132476328	0.013247633
1.97275	138.25	0.145942949	0.014594295
1.99292	138.25	0.138801449	0.013880145
2.01963	138.25	0.144843098	0.01448431
2.03163	138.25	0.122140407	0.012214041
2.03859	138.25	0.104547203	0.01045472
2.04726	138.25	0.087587348	0.008758735
2.05264	138.25	0.070754792	0.007075479
2.05799	138.25	0.058305321	0.005830532
2.07194	138.25	0.041887425	0.004188743
2.0798	138.25	0.056519048	0.005651905
2.0877	138.25	0.074767155	0.007476716
2.09229	138.25	0.09631637	0.009631637
2.10364	138.25	0.119666387	0.011966639
2.10856	138.25	0.126402825	0.012640283
2.11678	138.25	0.13848451	0.013848451
2.13861	138.25	0.132994937	0.013299494
2.16035	138.25	0.134251253	0.013425125
2.16685	138.25	0.150289513	0.015028951
2.19044	138.25	0.137201509	0.013720151
2.2089	138.25	0.133574919	0.013357492
2.23383	138.25	0.133584768	0.013358477
2.23401	138.25	0.133186368	0.013318637
2.25403	138.25	0.138835265	0.013883527
2.27396	138.25	0.152104706	0.015210471
2.28583	138.25	0.139053895	0.01390539
2.29904	138.25	0.154803661	0.015480366
2.31223	138.25	0.174074798	0.01740748
2.34412	138.25	0.166021841	0.016602184
2.3489	138.25	0.191844157	0.019184416
2.36714	138.25	0.212735604	0.02127356
2.38553	138.25	0.215768456	0.021576846
2.38868	138.25	0.242380877	0.024238088
2.39835	138.25	0.301969203	0.03019692
2.41325	138.25	0.33257763	0.033257763
2.42649	138.25	0.363210209	0.036321021
2.43623	138.25	0.434939154	0.043493915
2.44106	138.25	0.487917688	0.048791769
2.44596	138.25	0.526052275	0.052605228
2.45744	138.25	0.60464687	0.060464687
2.46741	138.25	0.63020782	0.063020782
2.48094	138.25	0.581530432	0.058153043
2.48621	138.25	0.504038168	0.050403817
2.49493	138.25	0.410502933	0.041050293
2.50532	138.25	0.33388658	0.033388658
2.51761	138.25	0.238395961	0.023839596
2.52623	138.25	0.20608608	0.020608608
2.53646	138.25	0.185123175	0.018512318
2.54342	138.25	0.158677988	0.015867799
2.55529	138.25	0.145216741	0.014521674
2.5655	138.25	0.131765619	0.013176562
2.58064	138.25	0.126390361	0.012639036
2.58092	138.25	0.125455686	0.012545569
2.59598	138.25	0.107641014	0.010764101
2.60446	138.25	0.100765785	0.010076579
2.62443	138.25	0.108484535	0.010848454
2.62624	138.25	0.100075045	0.010007505
2.64132	138.25	0.098925864	0.009892586
2.64293	138.25	0.102800752	0.010280075
2.65296	138.25	0.104070229	0.010407023
2.66327	138.25	0.088993365	0.008899337
2.67475	138.25	0.102362526	0.010236253
2.68335	138.25	0.089412018	0.008941202
2.69844	138.25	0.088408281	0.008840828
2.70501	138.25	0.095231691	0.009523169
2.71685	138.25	0.088951943	0.008895194
2.7453	138.25	0.089734249	0.008973425
			
