1.081	0	5.20E-01	5.20E-02
1.081	19	4.72E-01	4.72E-02
1.081	32	4.60E-01	4.60E-02
1.081	43	4.88E-01	4.88E-02
1.081	54	4.80E-01	4.80E-02
1.081	65	4.68E-01	4.68E-02
1.081	74	5.05E-01	5.05E-02
1.081	84	4.62E-01	4.62E-02
1.081	94	4.93E-01	4.93E-02
1.081	106	5.29E-01	5.29E-02
1.081	114	5.55E-01	5.55E-02
1.081	124	5.40E-01	5.40E-02
1.081	133	4.89E-01	4.89E-02
1.081	143	6.16E-01	6.16E-02
1.081	150	5.71E-01	5.71E-02
1.081	154	5.45E-01	5.45E-02
1.216	0	5.29E-01	5.29E-02
1.216	33	5.45E-01	5.45E-02
1.216	45	4.93E-01	4.93E-02
1.216	54	5.34E-01	5.34E-02
1.216	64	5.33E-01	5.33E-02
1.216	74	4.98E-01	4.98E-02
1.216	84	4.80E-01	4.80E-02
1.216	96	4.98E-01	4.98E-02
1.216	105	4.91E-01	4.91E-02
1.216	115	5.51E-01	5.51E-02
1.216	125	5.39E-01	5.39E-02
1.216	134	5.35E-01	5.35E-02
1.216	144	5.26E-01	5.26E-02
1.216	146	5.59E-01	5.59E-02
1.394	0	4.56E-01	4.56E-02
1.394	4	5.10E-01	5.10E-02
1.394	21	4.67E-01	4.67E-02
1.394	29	5.32E-01	5.32E-02
1.394	42	5.51E-01	5.51E-02
1.394	54	5.17E-01	5.17E-02
1.394	64	4.88E-01	4.88E-02
1.394	75	5.41E-01	5.41E-02
1.394	85	4.72E-01	4.72E-02
1.394	95	5.14E-01	5.14E-02
1.394	105	5.41E-01	5.41E-02
1.394	115	5.38E-01	5.38E-02
1.394	124	5.71E-01	5.71E-02
1.394	132	5.31E-01	5.31E-02
1.394	143	4.83E-01	4.83E-02
1.394	152	4.79E-01	4.79E-02
1.552	0	4.25E-01	4.25E-02
1.552	29	4.85E-01	4.85E-02
1.552	42	4.82E-01	4.82E-02
1.552	52	4.45E-01	4.45E-02
1.552	62	5.27E-01	5.27E-02
1.552	73	5.35E-01	5.35E-02
1.552	83	5.44E-01	5.44E-02
1.552	93	5.35E-01	5.35E-02
1.552	104	5.69E-01	5.69E-02
1.552	113	5.07E-01	5.07E-02
1.552	124	5.38E-01	5.38E-02
1.552	131	4.93E-01	4.93E-02
1.552	140	4.90E-01	4.90E-02
1.552	148	4.90E-01	4.90E-02
1.664	0	5.86E-01	5.86E-02
1.664	23	3.97E-01	3.97E-02
1.664	32	3.23E-01	3.23E-02
1.664	43	4.26E-01	4.26E-02
1.664	53	3.38E-01	3.38E-02
1.664	63	2.72E-01	2.72E-02
1.664	78	3.24E-01	3.24E-02
1.664	88	3.34E-01	3.34E-02
1.664	94	4.60E-01	4.60E-02
1.664	104	4.90E-01	4.90E-02
1.664	113	6.07E-01	6.07E-02
1.664	123	6.23E-01	6.23E-02
1.664	133	7.15E-01	7.15E-02
1.664	143	6.24E-01	6.24E-02
1.664	150	6.63E-01	6.63E-02
1.753	0	5.70E-01	5.70E-02
1.753	21	4.71E-01	4.71E-02
1.753	33	4.62E-01	4.62E-02
1.753	43	4.75E-01	4.75E-02
1.753	53	5.42E-01	5.42E-02
1.753	64	4.87E-01	4.87E-02
1.753	75	4.49E-01	4.49E-02
1.753	85	4.31E-01	4.31E-02
1.753	95	4.71E-01	4.71E-02
1.753	104	5.85E-01	5.85E-02
1.753	114	5.33E-01	5.33E-02
1.753	125	5.91E-01	5.91E-02
1.753	134	5.36E-01	5.36E-02
1.753	145	6.95E-01	6.95E-02
1.753	150	6.39E-01	6.39E-02
1.864	0	5.07E-01	5.07E-02
1.864	18	6.03E-01	6.03E-02
1.864	29	6.03E-01	6.03E-02
1.864	43	7.09E-01	7.09E-02
1.864	53	6.36E-01	6.36E-02
1.864	63	4.97E-01	4.97E-02
1.864	74	4.37E-01	4.37E-02
1.864	84	3.95E-01	3.95E-02
1.864	94	3.24E-01	3.24E-02
1.864	106	3.46E-01	3.46E-02
1.864	114	3.74E-01	3.74E-02
1.864	123	4.75E-01	4.75E-02
1.864	132	4.54E-01	4.54E-02
1.864	142	5.08E-01	5.08E-02
1.864	146	5.64E-01	5.64E-02
1.883	0	6.81E-01	6.81E-02
1.883	31	7.23E-01	7.23E-02
1.883	43	6.46E-01	6.46E-02
1.883	52	5.70E-01	5.70E-02
1.883	64	5.10E-01	5.10E-02
1.883	73	4.05E-01	4.05E-02
1.883	84	3.85E-01	3.85E-02
1.883	94	4.60E-01	4.60E-02
1.883	103	4.80E-01	4.80E-02
1.883	113	5.27E-01	5.27E-02
1.883	124	5.55E-01	5.55E-02
1.883	131	6.20E-01	6.20E-02
1.883	141	5.97E-01	5.97E-02
1.883	145	5.49E-01	5.49E-02
1.916	0	6.94E-01	6.94E-02
1.916	22	6.96E-01	6.96E-02
1.916	30	5.92E-01	5.92E-02
1.916	43	5.15E-01	5.15E-02
1.916	53	4.47E-01	4.47E-02
1.916	64	3.87E-01	3.87E-02
1.916	74	3.95E-01	3.95E-02
1.916	85	3.80E-01	3.80E-02
1.916	95	4.60E-01	4.60E-02
1.916	104	4.45E-01	4.45E-02
1.916	114	5.09E-01	5.09E-02
1.916	125	4.83E-01	4.83E-02
1.916	131	4.99E-01	4.99E-02
1.916	143	4.48E-01	4.48E-02
1.916	150	4.45E-01	4.45E-02
1.935	0	6.20E-01	6.20E-02
1.935	21	6.37E-01	6.37E-02
1.935	30	5.89E-01	5.89E-02
1.935	44	5.44E-01	5.44E-02
1.935	52	5.32E-01	5.32E-02
1.935	64	4.81E-01	4.81E-02
1.935	74	4.55E-01	4.55E-02
1.935	84	4.32E-01	4.32E-02
1.935	93	4.52E-01	4.52E-02
1.935	103	4.97E-01	4.97E-02
1.935	113	5.42E-01	5.42E-02
1.935	124	5.42E-01	5.42E-02
1.935	132	5.53E-01	5.53E-02
1.935	143	5.22E-01	5.22E-02
1.935	148	4.85E-01	4.85E-02
1.953	0	6.35E-01	6.35E-02
1.953	20	5.89E-01	5.89E-02
1.953	30	5.60E-01	5.60E-02
1.953	42	5.15E-01	5.15E-02
1.953	53	4.74E-01	4.74E-02
1.953	64	4.37E-01	4.37E-02
1.953	73	4.11E-01	4.11E-02
1.953	84	3.73E-01	3.73E-02
1.953	95	4.09E-01	4.09E-02
1.953	104	4.28E-01	4.28E-02
1.953	114	4.50E-01	4.50E-02
1.953	123	4.52E-01	4.52E-02
1.953	133	4.57E-01	4.57E-02
1.953	141	5.02E-01	5.02E-02
1.953	146	5.53E-01	5.53E-02
2.112	0	7.42E-01	7.42E-02
2.112	23	7.08E-01	7.08E-02
2.112	31	7.10E-01	7.10E-02
2.112	43	5.37E-01	5.37E-02
2.112	53	5.11E-01	5.11E-02
2.112	64	4.42E-01	4.42E-02
2.112	74	4.07E-01	4.07E-02
2.112	85	3.55E-01	3.55E-02
2.112	95	4.05E-01	4.05E-02
2.112	104	4.18E-01	4.18E-02
2.112	114	4.03E-01	4.03E-02
2.112	125	4.61E-01	4.61E-02
2.112	134	6.19E-01	6.19E-02
2.112	142	5.71E-01	5.71E-02
2.112	149	5.70E-01	5.70E-02

