0.746	32	1.64E-01	8.20E-03
0.746	49	1.70E-01	8.50E-03
0.746	63	1.57E-01	7.85E-03
0.746	74	1.67E-01	8.35E-03
0.746	86	1.51E-01	7.55E-03
0.746	96	1.56E-01	7.80E-03
0.746	108	1.65E-01	8.25E-03
0.746	121	1.43E-01	7.15E-03
0.746	134	1.28E-01	6.40E-03
0.905	61	9.00E-02	4.50E-03
0.905	63	8.80E-02	4.40E-03
0.905	65	8.30E-02	4.15E-03
0.905	67	7.60E-02	3.80E-03
0.905	69	7.60E-02	3.80E-03
0.905	72	7.60E-02	3.80E-03
0.905	74	8.00E-02	4.00E-03
0.905	76	8.30E-02	4.15E-03
0.905	78	8.20E-02	4.10E-03
0.905	80	7.80E-02	3.90E-03
0.905	82	7.80E-02	3.90E-03
0.905	84	7.50E-02	3.75E-03
0.905	87	7.60E-02	3.80E-03
0.905	89	7.80E-02	3.90E-03
0.905	91	8.00E-02	4.00E-03
0.905	92	8.00E-02	4.00E-03
0.905	95	7.30E-02	3.65E-03
0.905	97	7.80E-02	3.90E-03
0.905	99	8.00E-02	4.00E-03
0.905	101	7.00E-02	3.50E-03
0.905	103	7.60E-02	3.80E-03
0.905	105	7.60E-02	3.80E-03
0.905	107	7.40E-02	3.70E-03
0.905	110	7.30E-02	3.65E-03
0.905	112	7.30E-02	3.65E-03
0.905	114	7.00E-02	3.50E-03
0.905	117	7.00E-02	3.50E-03
0.905	119	6.60E-02	3.30E-03
0.905	121	7.00E-02	3.50E-03
0.905	123	6.50E-02	3.25E-03
0.905	126	6.50E-02	3.25E-03
0.905	128	7.00E-02	3.50E-03
0.905	131	6.00E-02	3.00E-03
0.905	133	7.00E-02	3.50E-03
0.905	138	6.50E-02	3.25E-03
0.905	139	6.50E-02	3.25E-03
0.905	143	6.00E-02	3.00E-03
0.905	147	6.30E-02	3.15E-03
0.905	152	6.00E-02	3.00E-03
0.905	156	5.50E-02	2.75E-03
0.905	160	4.50E-02	2.25E-03
0.905	169	4.00E-02	2.00E-03
1.009	62	1.48E-01	7.40E-03
1.009	66	1.35E-01	6.75E-03
1.009	70	1.45E-01	7.25E-03
1.009	74	1.33E-01	6.65E-03
1.009	78	1.26E-01	6.30E-03
1.009	81	1.25E-01	6.25E-03
1.009	84	1.35E-01	6.75E-03
1.009	89	1.45E-01	7.25E-03
1.009	92	1.40E-01	7.00E-03
1.009	96	1.30E-01	6.50E-03
1.009	100	1.30E-01	6.50E-03
1.009	103	1.47E-01	7.35E-03
1.009	107	1.39E-01	6.95E-03
1.009	111	1.38E-01	6.90E-03
1.009	115	1.43E-01	7.15E-03
1.009	120	1.42E-01	7.10E-03
1.009	123	1.40E-01	7.00E-03
1.009	128	1.43E-01	7.15E-03
1.009	133	1.40E-01	7.00E-03
1.009	139	1.45E-01	7.25E-03
1.009	144	1.30E-01	6.50E-03
1.009	152	1.17E-01	5.85E-03
1.009	160	1.10E-01	5.50E-03
1.035	62	2.14E-01	1.07E-02
1.035	65	2.04E-01	1.02E-02
1.035	69	1.94E-01	9.70E-03
1.035	73	1.86E-01	9.30E-03
1.035	77	1.82E-01	9.10E-03
1.035	80	1.80E-01	9.00E-03
1.035	83	1.78E-01	8.90E-03
1.035	87	1.72E-01	8.60E-03
1.035	91	1.69E-01	8.45E-03
1.035	94	1.74E-01	8.70E-03
1.035	98	1.68E-01	8.40E-03
1.035	102	1.70E-01	8.50E-03
1.035	105	1.78E-01	8.90E-03
1.035	109	1.78E-01	8.90E-03
1.035	113	1.87E-01	9.35E-03
1.035	116	1.95E-01	9.75E-03
1.035	120	1.90E-01	9.50E-03
1.035	124	1.95E-01	9.75E-03
1.035	129	2.02E-01	1.01E-02
1.035	134	1.85E-01	9.25E-03
1.035	139	2.07E-01	1.04E-02
1.035	144	1.85E-01	9.25E-03
1.045	62	3.15E-01	1.58E-02
1.045	65	2.70E-01	1.35E-02
1.045	68	2.20E-01	1.10E-02
1.045	73	2.30E-01	1.15E-02
1.045	77	2.20E-01	1.10E-02
1.045	80	2.05E-01	1.03E-02
1.045	83	1.90E-01	9.50E-03
1.045	87	2.15E-01	1.08E-02
1.045	90	1.85E-01	9.25E-03
1.045	93	1.95E-01	9.75E-03
1.045	97	1.85E-01	9.25E-03
1.045	100	1.75E-01	8.75E-03
1.045	103	1.75E-01	8.75E-03
1.045	107	1.75E-01	8.75E-03
1.045	112	1.80E-01	9.00E-03
1.045	115	1.75E-01	8.75E-03
1.045	118	1.80E-01	9.00E-03
1.045	123	1.70E-01	8.50E-03
1.045	127	1.90E-01	9.50E-03
1.045	131	1.75E-01	8.75E-03
1.045	137	1.85E-01	9.25E-03
1.045	143	1.80E-01	9.00E-03
1.045	149	1.70E-01	8.50E-03
1.045	154	1.45E-01	7.25E-03
1.045	169	1.30E-01	6.50E-03
1.054	61	2.60E-01	1.30E-02
1.054	65	2.40E-01	1.20E-02
1.054	69	2.07E-01	1.04E-02
1.054	73	1.98E-01	9.90E-03
1.054	76	2.02E-01	1.01E-02
1.054	80	1.82E-01	9.10E-03
1.054	83	1.71E-01	8.55E-03
1.054	87	1.72E-01	8.60E-03
1.054	90	1.55E-01	7.75E-03
1.054	93	1.65E-01	8.25E-03
1.054	97	1.56E-01	7.80E-03
1.054	102	1.42E-01	7.10E-03
1.054	104	1.34E-01	6.70E-03
1.054	109	1.40E-01	7.00E-03
1.054	112	1.30E-01	6.50E-03
1.054	116	1.24E-01	6.20E-03
1.054	121	1.33E-01	6.65E-03
1.054	124	1.33E-01	6.65E-03
1.054	128	1.29E-01	6.45E-03
1.054	133	1.19E-01	5.95E-03
1.054	138	1.40E-01	7.00E-03
1.054	143	1.21E-01	6.05E-03
1.054	149	1.28E-01	6.40E-03
1.054	157	1.14E-01	5.70E-03
1.082	63	1.32E-01	6.60E-03
1.082	67	1.35E-01	6.75E-03
1.082	71	1.27E-01	6.35E-03
1.082	74	1.17E-01	5.85E-03
1.082	78	1.16E-01	5.80E-03
1.082	81	1.20E-01	6.00E-03
1.082	85	1.25E-01	6.25E-03
1.082	88	1.10E-01	5.50E-03
1.082	92	1.00E-01	5.00E-03
1.082	94	1.05E-01	5.25E-03
1.082	98	9.50E-02	4.75E-03
1.082	102	1.05E-01	5.25E-03
1.082	105	9.90E-02	4.95E-03
1.082	109	1.10E-01	5.50E-03
1.082	112	1.00E-01	5.00E-03
1.082	115	1.10E-01	5.50E-03
1.082	120	9.90E-02	4.95E-03
1.082	123	1.05E-01	5.25E-03
1.082	128	1.05E-01	5.25E-03
1.082	132	9.90E-02	4.95E-03
1.082	137	1.02E-01	5.10E-03
1.082	141	1.05E-01	5.25E-03
1.082	147	9.80E-02	4.90E-03
1.082	154	9.00E-02	4.50E-03
1.082	164	6.70E-02	3.35E-03
1.194	31	1.59E-01	7.61E-03
1.194	48	1.47E-01	1.04E-02
1.194	63	1.23E-01	5.53E-03
1.194	74	1.20E-01	6.92E-03
1.194	86	1.17E-01	6.23E-03
1.194	97	1.24E-01	9.69E-03
1.194	108	1.25E-01	1.11E-02
1.194	121	1.29E-01	9.00E-03
1.194	134	1.24E-01	1.04E-02
1.259	59	2.15E-01	1.08E-02
1.259	66	2.24E-01	1.12E-02
1.259	71	1.85E-01	9.25E-03
1.259	77	1.80E-01	9.00E-03
1.259	82	1.80E-01	9.00E-03
1.259	87	1.70E-01	8.50E-03
1.259	92	1.63E-01	8.15E-03
1.259	97	1.80E-01	9.00E-03
1.259	103	1.68E-01	8.40E-03
1.259	109	1.79E-01	8.95E-03
1.259	113	1.93E-01	9.65E-03
1.259	118	1.87E-01	9.35E-03
1.259	125	2.03E-01	1.02E-02
1.259	131	2.10E-01	1.05E-02
1.259	137	2.18E-01	1.09E-02
1.259	144	2.27E-01	1.14E-02
1.259	157	2.33E-01	1.17E-02
1.284	58	2.10E-01	1.05E-02
1.284	65	1.92E-01	9.60E-03
1.284	70	1.90E-01	9.50E-03
1.284	77	1.70E-01	8.50E-03
1.284	81	1.76E-01	8.80E-03
1.284	86	1.64E-01	8.20E-03
1.284	91	1.56E-01	7.80E-03
1.284	96	1.58E-01	7.90E-03
1.284	100	1.50E-01	7.50E-03
1.284	106	1.44E-01	7.20E-03
1.284	110	1.43E-01	7.15E-03
1.284	116	1.40E-01	7.00E-03
1.284	123	1.45E-01	7.25E-03
1.284	129	1.57E-01	7.85E-03
1.284	135	1.55E-01	7.75E-03
1.284	142	1.58E-01	7.90E-03
1.284	152	1.45E-01	7.25E-03
1.284	169	1.00E-01	5.00E-03
1.307	32	3.02E-01	1.01E-02
1.307	49	2.54E-01	1.34E-02
1.307	62	2.32E-01	1.14E-02
1.307	75	1.89E-01	1.14E-02
1.307	86	1.96E-01	1.27E-02
1.307	97	2.01E-01	1.21E-02
1.307	108	1.64E-01	1.14E-02
1.307	120	1.55E-01	1.01E-02
1.307	134	1.41E-01	1.14E-02
1.437	32	1.90E-01	1.04E-02
1.437	49	1.74E-01	1.14E-02
1.437	62	1.73E-01	1.30E-02
1.437	74	1.35E-01	1.09E-02
1.437	85	1.44E-01	1.45E-02
1.437	97	1.48E-01	1.40E-02
1.437	108	1.55E-01	1.24E-02
1.437	121	1.37E-01	1.40E-02
1.437	134	1.46E-01	1.55E-02
1.488	64	3.20E-01	1.60E-02
1.488	70	3.03E-01	1.52E-02
1.488	75	2.65E-01	1.33E-02
1.488	81	2.25E-01	1.13E-02
1.488	85	2.23E-01	1.12E-02
1.488	91	2.03E-01	1.02E-02
1.488	96	1.95E-01	9.75E-03
1.488	100	1.70E-01	8.50E-03
1.488	106	1.68E-01	8.40E-03
1.488	111	1.50E-01	7.50E-03
1.488	117	1.60E-01	8.00E-03
1.488	122	1.35E-01	6.75E-03
1.488	130	1.50E-01	7.50E-03
1.488	137	1.25E-01	6.25E-03
1.488	145	1.10E-01	5.50E-03
1.488	157	1.00E-01	5.00E-03
1.569	60	1.70E-01	8.50E-03
1.569	69	1.53E-01	7.65E-03
1.569	75	1.60E-01	8.00E-03
1.569	81	1.43E-01	7.15E-03
1.569	86	1.50E-01	7.50E-03
1.569	93	1.30E-01	6.50E-03
1.569	98	1.43E-01	7.15E-03
1.569	104	1.40E-01	7.00E-03
1.569	110	1.38E-01	6.90E-03
1.569	117	1.40E-01	7.00E-03
1.569	123	1.40E-01	7.00E-03
1.569	131	1.50E-01	7.50E-03
1.569	139	1.40E-01	7.00E-03
1.569	150	1.25E-01	6.25E-03
1.569	166	8.00E-02	4.00E-03
1.638	60	1.93E-01	9.65E-03
1.638	66	1.63E-01	8.15E-03
1.638	73	1.55E-01	7.75E-03
1.638	78	1.37E-01	6.85E-03
1.638	85	1.24E-01	6.20E-03
1.638	90	1.23E-01	6.15E-03
1.638	95	1.27E-01	6.35E-03
1.638	101	1.22E-01	6.10E-03
1.638	106	1.28E-01	6.40E-03
1.638	112	1.45E-01	7.25E-03
1.638	118	1.44E-01	7.20E-03
1.638	126	1.78E-01	8.90E-03
1.638	134	2.10E-01	1.05E-02
1.638	142	2.21E-01	1.11E-02
1.638	152	2.45E-01	1.23E-02
1.659	58	1.70E-01	8.50E-03
1.659	65	1.48E-01	7.40E-03
1.659	71	1.40E-01	7.00E-03
1.659	77	1.30E-01	6.50E-03
1.659	83	1.25E-01	6.25E-03
1.659	88	1.30E-01	6.50E-03
1.659	93	1.20E-01	6.00E-03
1.659	99	1.20E-01	6.00E-03
1.659	104	1.25E-01	6.25E-03
1.659	110	1.30E-01	6.50E-03
1.659	116	1.40E-01	7.00E-03
1.659	123	1.80E-01	9.00E-03
1.659	130	1.98E-01	9.90E-03
1.659	137	2.30E-01	1.15E-02
1.659	146	2.60E-01	1.30E-02
1.659	157	2.40E-01	1.20E-02
1.675	62	1.81E-01	9.05E-03
1.675	66	1.46E-01	7.30E-03
1.675	73	1.38E-01	6.90E-03
1.675	78	1.25E-01	6.25E-03
1.675	84	1.21E-01	6.05E-03
1.675	89	1.25E-01	6.25E-03
1.675	96	1.18E-01	5.90E-03
1.675	100	1.06E-01	5.30E-03
1.675	106	1.35E-01	6.75E-03
1.675	111	1.33E-01	6.65E-03
1.675	117	1.41E-01	7.05E-03
1.675	124	1.42E-01	7.10E-03
1.675	132	1.58E-01	7.90E-03
1.675	139	1.78E-01	8.90E-03
1.675	149	2.08E-01	1.04E-02
1.931	59	1.45E-01	7.25E-03
1.931	65	1.35E-01	6.75E-03
1.931	71	1.35E-01	6.75E-03
1.931	76	1.26E-01	6.30E-03
1.931	83	1.22E-01	6.10E-03
1.931	88	1.20E-01	6.00E-03
1.931	93	1.14E-01	5.70E-03
1.931	99	1.27E-01	6.35E-03
1.931	105	1.10E-01	5.50E-03
1.931	111	1.08E-01	5.40E-03
1.931	116	1.17E-01	5.85E-03
1.931	123	1.15E-01	5.75E-03
1.931	130	1.15E-01	5.75E-03
1.931	137	1.10E-01	5.50E-03
1.931	145	1.10E-01	5.50E-03
1.931	157	9.50E-02	4.75E-03
2.099	57	1.74E-01	8.70E-03
2.099	63	1.55E-01	7.75E-03
2.099	67	1.49E-01	7.45E-03
2.099	73	1.37E-01	6.85E-03
2.099	78	1.28E-01	6.40E-03
2.099	83	1.16E-01	5.80E-03
2.099	89	1.03E-01	5.15E-03
2.099	95	1.05E-01	5.25E-03
2.099	100	1.08E-01	5.40E-03
2.099	105	1.02E-01	5.10E-03
2.099	109	1.03E-01	5.15E-03
2.099	115	9.20E-02	4.60E-03
2.099	120	8.10E-02	4.05E-03
2.099	126	7.80E-02	3.90E-03
2.099	132	9.60E-02	4.80E-03
2.099	139	7.30E-02	3.65E-03
2.099	148	7.70E-02	3.85E-03
2.201	61	1.45E-01	7.25E-03
2.201	66	1.40E-01	7.00E-03
2.201	71	1.25E-01	6.25E-03
2.201	76	1.06E-01	5.30E-03
2.201	80	1.06E-01	5.30E-03
2.201	86	1.05E-01	5.25E-03
2.201	90	1.21E-01	6.05E-03
2.201	94	1.02E-01	5.10E-03
2.201	99	1.11E-01	5.55E-03
2.201	103	1.10E-01	5.50E-03
2.201	109	1.15E-01	5.75E-03
2.201	114	1.15E-01	5.75E-03
2.201	120	1.07E-01	5.35E-03
2.201	125	1.06E-01	5.30E-03
2.201	131	1.15E-01	5.75E-03
2.201	139	1.05E-01	5.25E-03
2.201	147	1.03E-01	5.15E-03

