0.718	170.4	2.55E-01	1.27E-02
0.799	170.4	2.06E-01	1.03E-02
0.858	170.4	1.80E-01	9.02E-03
0.917	170.4	1.55E-01	7.74E-03
0.975	170.4	1.37E-01	6.84E-03
1.042	170.4	1.23E-01	6.17E-03
1.085	170.4	1.10E-01	5.52E-03
1.130	170.4	1.02E-01	5.09E-03
1.189	170.4	9.77E-02	4.88E-03
1.247	170.4	8.45E-02	4.22E-03
1.307	170.4	7.85E-02	3.92E-03
1.373	170.4	7.11E-02	3.56E-03
1.402	170.4	6.62E-02	3.31E-03
1.432	170.4	6.35E-02	3.17E-03
1.461	170.4	5.11E-02	2.56E-03
1.498	170.4	3.40E-02	1.70E-03
1.520	170.4	5.58E-02	2.79E-03
1.549	170.4	6.74E-02	3.37E-03
1.578	170.4	6.44E-02	3.22E-03
1.608	170.4	6.51E-02	3.26E-03
1.638	170.4	5.98E-02	2.99E-03
1.667	170.4	5.44E-02	2.72E-03
1.696	170.4	5.48E-02	2.74E-03
1.733	170.4	5.16E-02	2.58E-03
1.762	170.4	5.16E-02	2.58E-03
1.792	170.4	4.83E-02	2.42E-03
1.821	170.4	4.52E-02	2.26E-03
1.850	170.4	4.72E-02	2.36E-03
1.865	170.4	4.91E-02	2.46E-03
1.880	170.4	4.72E-02	2.36E-03
1.894	170.4	5.86E-02	2.93E-03
1.902	170.4	6.72E-02	3.36E-03
1.909	170.4	8.19E-02	4.09E-03
1.916	170.4	1.03E-01	5.15E-03
1.924	170.4	1.30E-01	6.48E-03
1.931	170.4	1.18E-01	5.89E-03
1.938	170.4	7.00E-02	3.50E-03
1.953	170.4	2.03E-02	1.02E-03
1.968	170.4	1.49E-02	7.47E-04
1.982	170.4	1.47E-02	7.36E-04
1.997	170.4	1.71E-02	8.57E-04
1.997	170.4	1.45E-02	7.25E-04
2.004	170.4	1.37E-02	6.87E-04
2.009	170.4	3.81E-02	1.91E-03
2.012	170.4	3.96E-02	1.98E-03
2.015	170.4	3.24E-02	1.62E-03
2.020	170.4	2.13E-02	1.06E-03
2.027	170.4	1.86E-02	9.28E-04
2.042	170.4	1.70E-02	8.51E-04
2.057	170.4	1.77E-02	8.85E-04
2.072	170.4	1.81E-02	9.03E-04
2.087	170.4	1.69E-02	8.45E-04
2.102	170.4	1.76E-02	8.78E-04
2.117	170.4	1.64E-02	8.21E-04
2.132	170.4	1.91E-02	9.54E-04
2.147	170.4	9.41E-03	4.70E-04
2.150	170.4	1.90E-02	9.52E-04
2.158	170.4	1.10E-02	5.50E-04
2.173	170.4	1.89E-02	9.46E-04
2.188	170.4	1.76E-02	8.79E-04
2.203	170.4	1.00E-02	5.01E-04
2.218	170.4	1.04E-02	5.21E-04
2.233	170.4	8.96E-03	4.48E-04
2.248	170.4	8.58E-03	4.29E-04
2.263	170.4	7.95E-03	3.98E-04
2.278	170.4	5.83E-03	2.91E-04
2.293	170.4	6.50E-03	3.25E-04
2.308	170.4	5.92E-03	2.96E-04
2.323	170.4	2.44E-03	1.22E-04
2.338	170.4	1.68E-03	8.42E-05
2.353	170.4	2.37E-03	1.19E-04
2.360	170.4	1.04E-02	5.19E-04
2.367	170.4	1.67E-02	8.33E-04
2.383	170.4	1.25E-02	6.25E-04
2.397	170.4	9.83E-03	4.92E-04
2.413	170.4	9.03E-03	4.52E-04
2.427	170.4	6.47E-03	3.23E-04
2.443	170.4	5.51E-03	2.75E-04
2.458	170.4	4.79E-03	2.39E-04
2.472	170.4	4.73E-03	2.37E-04
2.488	170.4	5.31E-03	2.65E-04
2.502	170.4	4.41E-03	2.20E-04
2.518	170.4	5.39E-03	2.70E-04
2.522	170.4	5.17E-03	2.58E-04
2.532	170.4	4.30E-03	2.15E-04
2.534	170.4	5.32E-03	2.66E-04
2.545	170.4	5.48E-03	2.74E-04
2.548	170.4	7.29E-03	3.64E-04
2.556	170.4	6.24E-03	3.12E-04
2.562	170.4	5.81E-03	2.90E-04
2.568	170.4	6.98E-03	3.49E-04
2.577	170.4	7.92E-03	3.96E-04
2.579	170.4	8.50E-03	4.25E-04
2.585	170.4	1.40E-02	6.98E-04
2.590	170.4	1.76E-02	8.82E-04
2.592	170.4	1.51E-02	7.53E-04
2.601	170.4	1.15E-02	5.73E-04
2.612	170.4	1.00E-02	5.01E-04
2.623	170.4	8.79E-03	4.39E-04
2.635	170.4	9.28E-03	4.64E-04
2.646	170.4	8.82E-03	4.41E-04
2.658	170.4	1.06E-02	5.30E-04
2.669	170.4	1.37E-02	6.83E-04
2.680	170.4	2.54E-02	1.27E-03
2.684	170.4	3.65E-02	1.82E-03
2.689	170.4	5.00E-02	2.50E-03
2.694	170.4	6.68E-02	3.34E-03
2.698	170.4	8.83E-02	4.41E-03
2.702	170.4	9.75E-02	4.88E-03
2.707	170.4	9.27E-02	4.64E-03
2.713	170.4	7.89E-02	3.95E-03
2.725	170.4	6.00E-02	3.00E-03
2.736	170.4	4.83E-02	2.41E-03
2.747	170.4	4.53E-02	2.26E-03
2.759	170.4	4.32E-02	2.16E-03
2.770	170.4	4.56E-02	2.28E-03
2.781	170.4	5.01E-02	2.51E-03
2.793	170.4	5.75E-02	2.87E-03
2.804	170.4	7.31E-02	3.65E-03
2.815	170.4	1.04E-01	5.20E-03
2.819	170.4	1.35E-01	6.75E-03
2.824	170.4	1.71E-01	8.57E-03
2.829	170.4	2.30E-01	1.15E-02
2.833	170.4	3.00E-01	1.50E-02
2.837	170.4	3.43E-01	1.71E-02
2.842	170.4	3.30E-01	1.65E-02
2.846	170.4	2.71E-01	1.36E-02
2.851	170.4	2.06E-01	1.03E-02
2.856	170.4	1.53E-01	7.66E-03
2.860	170.4	1.21E-01	6.04E-03
2.865	170.4	1.02E-01	5.09E-03
2.869	170.4	9.02E-02	4.51E-03
2.873	170.4	7.86E-02	3.93E-03
2.878	170.4	7.35E-02	3.67E-03
2.882	170.4	6.82E-02	3.41E-03
2.905	170.4	5.51E-02	2.76E-03
2.929	170.4	4.92E-02	2.46E-03
2.950	170.4	4.85E-02	2.42E-03
2.972	170.4	5.15E-02	2.57E-03
2.989	170.4	5.07E-02	2.54E-03
3.012	170.4	4.80E-02	2.40E-03
3.034	170.4	4.27E-02	2.13E-03
3.045	170.4	5.78E-02	2.89E-03
3.057	170.4	6.71E-02	3.36E-03
3.068	170.4	7.32E-02	3.66E-03
3.079	170.4	9.06E-02	4.53E-03
3.090	170.4	5.04E-02	2.52E-03
3.101	170.4	5.66E-02	2.83E-03
3.112	170.4	8.87E-02	4.44E-03
3.124	170.4	8.94E-02	4.47E-03
3.135	170.4	6.30E-02	3.15E-03
3.146	170.4	5.72E-02	2.86E-03
3.165	170.4	5.48E-02	2.74E-03
3.192	170.4	7.24E-02	3.62E-03
3.214	170.4	7.48E-02	3.74E-03
3.236	170.4	7.93E-02	3.97E-03
3.258	170.4	8.28E-02	4.14E-03
3.281	170.4	8.63E-02	4.32E-03
3.304	170.4	8.87E-02	4.44E-03
3.326	170.4	9.42E-02	4.71E-03
3.349	170.4	9.27E-02	4.64E-03
3.371	170.4	9.54E-02	4.77E-03
3.393	170.4	9.46E-02	4.73E-03
3.416	170.4	9.21E-02	4.61E-03
3.438	170.4	8.23E-02	4.11E-03
3.461	170.4	7.20E-02	3.60E-03
3.484	170.4	5.92E-02	2.96E-03
3.506	170.4	4.92E-02	2.46E-03
3.528	170.4	3.91E-02	1.95E-03
3.550	170.4	3.62E-02	1.81E-03
3.573	170.4	3.55E-02	1.78E-03
3.596	170.4	4.39E-02	2.20E-03
3.618	170.4	6.39E-02	3.19E-03
3.629	170.4	8.43E-02	4.22E-03
3.640	170.4	8.18E-02	4.09E-03
3.651	170.4	3.22E-02	1.61E-03
3.663	170.4	1.88E-02	9.40E-04
3.685	170.4	2.57E-02	1.29E-03
3.708	170.4	4.03E-02	2.02E-03
3.730	170.4	5.56E-02	2.78E-03
3.753	170.4	7.44E-02	3.72E-03
3.775	170.4	9.01E-02	4.50E-03
3.797	170.4	1.11E-01	5.56E-03
3.820	170.4	1.22E-01	6.11E-03
3.831	170.4	1.29E-01	6.47E-03
3.843	170.4	1.46E-01	7.29E-03
3.854	170.4	1.39E-01	6.95E-03
3.865	170.4	6.30E-02	3.15E-03

