0.464	0	2.912E-03	1.568E-03
0.469	0	6.017E-03	1.615E-03
0.471	0	8.032E-03	1.847E-03
0.473	0	1.212E-02	1.904E-03
0.476	0	1.962E-02	2.505E-03
0.479	0	2.528E-02	2.841E-03
0.481	0	3.297E-02	3.501E-03
0.484	0	5.842E-02	5.389E-03
0.486	0	1.226E-01	9.979E-03
0.489	0	2.302E-01	1.773E-02
0.492	0	2.739E-01	2.090E-02
0.494	0	1.929E-01	1.502E-02
0.497	0	1.036E-01	8.497E-03
0.500	0	5.647E-02	5.128E-03
0.502	0	3.927E-02	3.849E-03
0.505	0	3.032E-02	3.178E-03
0.508	0	1.669E-02	2.156E-03
0.511	0	1.385E-02	1.849E-03
0.514	0	1.115E-02	1.749E-03
0.516	0	1.369E-02	1.898E-03
0.519	0	8.729E-03	1.438E-03
0.522	0	8.005E-03	1.409E-03
0.525	0	9.099E-03	1.556E-03
0.528	0	6.039E-03	1.330E-03
0.531	0	4.697E-03	1.076E-03
0.534	0	6.068E-03	1.192E-03
0.537	0	7.164E-03	1.244E-03
0.540	0	4.011E-03	1.021E-03
0.543	0	6.304E-03	1.200E-03
0.546	0	4.105E-03	1.204E-03
0.549	0	5.686E-03	1.093E-03
0.553	0	5.172E-03	1.060E-03
0.556	0	5.253E-03	1.000E-03
0.559	0	3.680E-03	9.880E-04
0.562	0	4.208E-03	1.055E-03
0.565	0	5.022E-03	1.052E-03
0.569	0	3.662E-03	9.330E-04
0.572	0	5.839E-03	1.073E-03
0.575	0	6.875E-03	1.323E-03
0.579	0	8.506E-03	1.342E-03
0.582	0	7.206E-03	1.295E-03
0.586	0	1.254E-02	1.594E-03
0.589	0	1.576E-02	1.791E-03
0.593	0	2.109E-02	2.122E-03
0.596	0	2.783E-02	2.619E-03
0.600	0	3.130E-02	2.889E-03
0.603	0	4.235E-02	3.634E-03
0.607	0	4.783E-02	3.974E-03
0.611	0	6.864E-02	5.432E-03
0.614	0	8.485E-02	6.665E-03
0.618	0	1.089E-01	8.443E-03
0.622	0	1.338E-01	1.021E-02
0.626	0	1.727E-01	1.292E-02
0.629	0	2.124E-01	1.567E-02
0.633	0	2.348E-01	1.723E-02
0.637	0	2.347E-01	1.719E-02
0.641	0	2.180E-01	1.599E-02
0.645	0	1.918E-01	1.412E-02
0.649	0	1.723E-01	1.274E-02
0.653	0	1.417E-01	1.057E-02
0.657	0	1.254E-01	9.431E-03
0.661	0	1.116E-01	8.445E-03
0.665	0	9.338E-02	7.140E-03
0.670	0	8.547E-02	6.580E-03
0.674	0	7.825E-02	6.039E-03
0.678	0	6.421E-02	5.064E-03
0.682	0	5.968E-02	4.736E-03
0.687	0	5.511E-02	4.381E-03
0.691	0	4.812E-02	3.847E-03
0.696	0	4.402E-02	3.543E-03
0.700	0	4.006E-02	3.248E-03
0.705	0	3.015E-02	2.574E-03
0.709	0	3.635E-02	2.994E-03
0.714	0	3.348E-02	2.840E-03
0.719	0	2.749E-02	2.429E-03
0.723	0	2.740E-02	2.406E-03
0.728	0	2.597E-02	2.307E-03
0.733	0	2.466E-02	2.161E-03
0.738	0	2.131E-02	1.939E-03
0.743	0	2.201E-02	1.992E-03
0.758	0	2.109E-02	1.900E-03
0.763	0	1.573E-02	1.537E-03
0.768	0	1.622E-02	1.577E-03
0.773	0	1.273E-02	1.293E-03
0.778	0	1.253E-02	1.296E-03
0.784	0	1.443E-02	1.432E-03
0.789	0	1.120E-02	1.220E-03
0.795	0	1.391E-02	1.408E-03
0.800	0	1.240E-02	1.275E-03
0.806	0	1.280E-02	1.299E-03
0.811	0	1.061E-02	1.149E-03
0.817	0	8.832E-03	1.004E-03
0.823	0	8.803E-03	9.900E-04
0.828	0	9.026E-03	9.920E-04
0.834	0	1.007E-02	1.053E-03
0.840	0	8.851E-03	9.830E-04
0.846	0	7.735E-03	9.220E-04
0.852	0	8.177E-03	9.270E-04
0.858	0	7.464E-03	8.680E-04
0.864	0	7.139E-03	8.460E-04
0.871	0	6.515E-03	7.800E-04
0.877	0	6.273E-03	7.880E-04
0.883	0	6.864E-03	8.080E-04
0.890	0	6.008E-03	7.410E-04
0.896	0	6.373E-03	7.490E-04
0.903	0	6.207E-03	7.740E-04
0.910	0	6.574E-03	7.670E-04
0.916	0	7.614E-03	8.520E-04
0.923	0	7.355E-03	8.130E-04
0.930	0	6.412E-03	7.580E-04
0.937	0	7.521E-03	8.080E-04
0.944	0	8.700E-03	9.070E-04
0.951	0	1.101E-02	1.061E-03
0.958	0	1.171E-02	1.106E-03
0.965	0	1.303E-02	1.231E-03
0.973	0	1.628E-02	1.447E-03
0.980	0	1.996E-02	1.711E-03
0.988	0	2.222E-02	1.874E-03
0.995	0	2.514E-02	2.076E-03
1.003	0	2.359E-02	1.969E-03
1.011	0	1.802E-02	1.554E-03
1.019	0	1.042E-02	1.030E-03
1.027	0	7.072E-03	7.950E-04
1.035	0	4.526E-03	5.920E-04
1.043	0	3.221E-03	5.620E-04
1.051	0	2.714E-03	4.760E-04
1.059	0	1.704E-03	4.250E-04
1.066	0	2.085E-03	6.010E-04
1.070	0	2.060E-03	6.130E-04
1.074	0	2.136E-03	6.030E-04
1.079	0	1.939E-03	5.060E-04
1.083	0	2.900E-03	6.490E-04
1.088	0	1.288E-03	5.370E-04
1.092	0	3.135E-03	6.850E-04
1.096	0	3.673E-03	6.630E-04
1.101	0	5.012E-03	8.470E-04
1.105	0	6.133E-03	8.870E-04
1.110	0	9.226E-03	1.104E-03
1.114	0	6.598E-03	9.300E-04
1.118	0	1.203E-02	1.275E-03
1.123	0	1.169E-02	1.267E-03
1.127	0	9.639E-03	1.119E-03
1.132	0	7.361E-03	9.220E-04
1.137	0	6.820E-03	8.920E-04
1.141	0	5.054E-03	7.510E-04
1.147	0	5.383E-03	7.460E-04
1.152	0	8.040E-03	9.380E-04
1.156	0	6.197E-03	8.060E-04
1.161	0	6.934E-03	8.980E-04
1.166	0	6.862E-03	8.810E-04
1.170	0	7.854E-03	9.780E-04
1.176	0	8.828E-03	1.034E-03
1.181	0	9.245E-03	1.048E-03
1.185	0	8.837E-03	1.028E-03
1.191	0	1.242E-02	1.290E-03
1.196	0	1.441E-02	1.414E-03
1.200	0	1.773E-02	1.666E-03
1.206	0	2.282E-02	2.036E-03
1.211	0	2.365E-02	2.107E-03
1.215	0	2.007E-02	1.839E-03
1.221	0	1.994E-02	1.820E-03
1.227	0	1.490E-02	1.461E-03
1.232	0	1.385E-02	1.382E-03
1.236	0	1.081E-02	1.165E-03
1.242	0	1.224E-02	1.263E-03
1.248	0	1.556E-02	1.494E-03
1.252	0	1.416E-02	1.436E-03
1.258	0	1.486E-02	1.455E-03
1.264	0	1.690E-02	1.614E-03
1.269	0	1.538E-02	1.486E-03
1.274	0	1.776E-02	1.651E-03
1.280	0	1.605E-02	1.562E-03
1.286	0	1.808E-02	1.692E-03
1.292	0	2.000E-02	1.838E-03
1.297	0	2.118E-02	1.957E-03
1.303	0	2.282E-02	2.043E-03
1.309	0	2.914E-02	2.485E-03
1.315	0	3.431E-02	2.880E-03
1.320	0	3.918E-02	3.211E-03
1.326	0	4.756E-02	3.800E-03
1.332	0	6.295E-02	4.877E-03
1.338	0	8.557E-02	6.468E-03
1.344	0	1.183E-01	8.760E-03
1.350	0	1.343E-01	9.895E-03
1.356	0	1.417E-01	1.041E-02
1.362	0	1.379E-01	1.012E-02
1.368	0	1.363E-01	1.002E-02
1.375	0	1.421E-01	1.042E-02
1.381	0	1.554E-01	1.137E-02
1.387	0	1.805E-01	1.314E-02
1.394	0	2.178E-01	1.576E-02
1.400	0	2.467E-01	1.779E-02
1.406	0	2.598E-01	1.870E-02
1.412	0	2.536E-01	1.827E-02
1.419	0	2.261E-01	1.633E-02
1.426	0	1.989E-01	1.443E-02
1.432	0	1.592E-01	1.165E-02
1.439	0	1.277E-01	9.434E-03
1.446	0	9.900E-02	7.405E-03
1.453	0	7.790E-02	5.925E-03
1.459	0	7.067E-02	5.412E-03
1.465	0	5.936E-02	4.602E-03
1.472	0	5.051E-02	3.988E-03
1.479	0	3.853E-02	3.134E-03
1.486	0	4.041E-02	3.249E-03
1.493	0	3.213E-02	2.670E-03
1.500	0	3.078E-02	2.561E-03
1.507	0	2.755E-02	2.354E-03
1.515	0	2.595E-02	2.229E-03
1.522	0	2.356E-02	2.080E-03
1.529	0	2.022E-02	1.861E-03
1.537	0	1.962E-02	1.811E-03
1.544	0	2.097E-02	1.904E-03
1.551	0	1.705E-02	1.648E-03
1.559	0	1.725E-02	1.651E-03
1.566	0	1.478E-02	1.483E-03
1.574	0	1.798E-02	1.685E-03
1.582	0	1.797E-02	1.670E-03
1.589	0	2.349E-02	2.094E-03
1.597	0	2.445E-02	2.150E-03
1.605	0	2.148E-02	1.974E-03
1.613	0	2.026E-02	1.881E-03
1.621	0	1.793E-02	1.706E-03
1.629	0	1.356E-02	1.380E-03
1.637	0	1.250E-02	1.309E-03
1.645	0	1.259E-02	1.319E-03
1.653	0	1.175E-02	1.265E-03
1.662	0	9.644E-03	1.126E-03
1.670	0	1.356E-02	1.374E-03
1.678	0	1.165E-02	1.221E-03
1.686	0	9.644E-03	1.118E-03
1.695	0	1.186E-02	1.239E-03
1.704	0	1.243E-02	1.311E-03
1.712	0	1.164E-02	1.270E-03
1.721	0	1.100E-02	1.192E-03
1.729	0	1.083E-02	1.231E-03
1.738	0	1.238E-02	1.329E-03
1.748	0	1.172E-02	1.306E-03
1.757	0	1.332E-02	1.418E-03
1.765	0	1.339E-02	1.425E-03
1.774	0	1.468E-02	1.505E-03
1.784	0	1.406E-02	1.474E-03
1.793	0	1.660E-02	1.633E-03
1.802	0	1.224E-02	1.323E-03
1.811	0	1.209E-02	1.370E-03
1.821	0	9.896E-03	1.177E-03
1.830	0	1.108E-02	1.235E-03
1.840	0	8.772E-03	1.080E-03
1.850	0	1.047E-02	1.193E-03
1.859	0	1.012E-02	1.164E-03
1.869	0	8.928E-03	1.089E-03
1.879	0	9.469E-03	1.114E-03
1.889	0	1.061E-02	1.172E-03
1.899	0	9.776E-03	1.166E-03
1.909	0	9.152E-03	1.089E-03
1.919	0	1.107E-02	1.268E-03
1.929	0	7.607E-03	1.026E-03
1.940	0	8.336E-03	1.069E-03
1.950	0	1.117E-02	1.273E-03
1.961	0	7.438E-03	9.750E-04
1.971	0	1.020E-02	1.195E-03
1.983	0	9.913E-03	1.173E-03
1.993	0	8.690E-03	1.058E-03
2.004	0	8.784E-03	1.159E-03
2.015	0	9.785E-03	1.190E-03
2.026	0	1.053E-02	1.221E-03
2.037	0	1.022E-02	1.242E-03
2.049	0	8.522E-03	1.139E-03
2.060	0	1.252E-02	1.397E-03
2.072	0	8.519E-03	1.143E-03
2.083	0	8.249E-03	1.156E-03
2.095	0	8.457E-03	1.177E-03
2.106	0	1.131E-02	1.363E-03
2.118	0	1.025E-02	1.345E-03
2.130	0	1.357E-02	1.534E-03
2.142	0	1.561E-02	1.691E-03
2.154	0	1.698E-02	1.797E-03
2.167	0	2.087E-02	2.098E-03
2.179	0	2.580E-02	2.485E-03
2.192	0	3.536E-02	3.149E-03
2.204	0	4.140E-02	3.564E-03
2.217	0	5.485E-02	4.554E-03
2.229	0	4.802E-02	4.123E-03
2.243	0	4.825E-02	4.120E-03
2.255	0	3.802E-02	3.375E-03
2.269	0	3.134E-02	2.869E-03
2.282	0	2.624E-02	2.543E-03
2.295	0	1.898E-02	2.040E-03
2.308	0	1.707E-02	1.873E-03
2.322	0	1.124E-02	1.504E-03
2.336	0	1.509E-02	1.698E-03
2.350	0	1.685E-02	1.809E-03
2.364	0	1.279E-02	1.583E-03
2.378	0	1.444E-02	1.677E-03
2.392	0	1.417E-02	1.658E-03
2.406	0	1.433E-02	1.697E-03
2.421	0	1.501E-02	1.773E-03
2.435	0	1.137E-02	1.503E-03
2.450	0	1.411E-02	1.638E-03
2.465	0	1.481E-02	1.729E-03
2.479	0	1.747E-02	1.929E-03
2.495	0	1.728E-02	1.986E-03
2.511	0	1.732E-02	1.950E-03
2.525	0	1.793E-02	2.070E-03
2.541	0	1.269E-02	1.784E-03
2.557	0	2.098E-02	2.261E-03
2.573	0	2.116E-02	2.279E-03
2.589	0	2.020E-02	2.286E-03
2.605	0	2.629E-02	2.703E-03
2.621	0	2.743E-02	2.777E-03
2.638	0	3.239E-02	3.211E-03
2.655	0	3.861E-02	3.674E-03
2.671	0	5.261E-02	4.710E-03
2.688	0	6.759E-02	5.839E-03
2.706	0	8.390E-02	7.109E-03
2.722	0	1.077E-01	8.810E-03
2.740	0	1.263E-01	1.016E-02
2.757	0	1.183E-01	9.604E-03
2.775	0	9.028E-02	7.597E-03
2.793	0	6.906E-02	6.092E-03
2.811	0	4.483E-02	4.278E-03
2.829	0	3.963E-02	3.882E-03
2.848	0	3.165E-02	3.267E-03
2.866	0	2.892E-02	3.134E-03
2.886	0	2.662E-02	2.920E-03
2.905	0	2.863E-02	3.076E-03
2.924	0	2.731E-02	2.964E-03
2.943	0	3.582E-02	3.639E-03
2.963	0	3.359E-02	3.463E-03
2.982	0	3.435E-02	3.514E-03
3.002	0	3.260E-02	3.402E-03
3.023	0	2.758E-02	3.023E-03
3.043	0	3.128E-02	3.315E-03
3.063	0	3.514E-02	3.652E-03
3.085	0	2.948E-02	3.168E-03
3.106	0	3.055E-02	3.278E-03
3.127	0	3.292E-02	3.486E-03
3.148	0	3.024E-02	3.286E-03
3.170	0	3.931E-02	4.038E-03
3.192	0	3.267E-02	3.497E-03
3.214	0	3.633E-02	3.800E-03
3.236	0	3.491E-02	3.686E-03
3.259	0	4.397E-02	4.396E-03
3.282	0	3.622E-02	3.855E-03
3.305	0	4.019E-02	4.192E-03
3.328	0	4.097E-02	4.201E-03
3.352	0	4.304E-02	4.421E-03
3.376	0	4.465E-02	4.586E-03
3.400	0	5.376E-02	5.218E-03
3.424	0	5.002E-02	4.983E-03
3.449	0	5.741E-02	5.536E-03
3.474	0	6.911E-02	6.414E-03
3.498	0	7.628E-02	7.082E-03
3.524	0	8.307E-02	7.536E-03
3.550	0	8.093E-02	7.501E-03
3.576	0	7.818E-02	7.240E-03
3.602	0	8.139E-02	7.439E-03
3.629	0	7.734E-02	7.254E-03
3.655	0	7.199E-02	6.966E-03
3.683	0	6.173E-02	6.058E-03
3.710	0	7.587E-02	7.035E-03
3.738	0	8.051E-02	7.459E-03
3.766	0	7.908E-02	7.302E-03
3.794	0	9.308E-02	8.494E-03
3.822	0	9.072E-02	8.320E-03
3.852	0	1.033E-01	9.295E-03
3.881	0	1.083E-01	9.576E-03
3.911	0	1.094E-01	9.639E-03
3.941	0	1.318E-01	1.141E-02
3.972	0	1.013E-01	9.135E-03
4.002	0	1.241E-01	1.086E-02
4.034	0	1.065E-01	9.699E-03
4.065	0	9.712E-02	8.851E-03
4.097	0	1.159E-01	1.038E-02
4.129	0	1.139E-01	1.010E-02
4.161	0	9.622E-02	8.771E-03
4.195	0	1.029E-01	9.426E-03
4.228	0	9.992E-02	9.106E-03
4.262	0	9.932E-02	9.147E-03
4.296	0	9.770E-02	9.103E-03
4.331	0	9.098E-02	8.581E-03
4.365	0	8.748E-02	8.210E-03
4.401	0	7.215E-02	7.146E-03
4.437	0	7.506E-02	7.340E-03
4.474	0	5.751E-02	6.068E-03
4.511	0	5.786E-02	6.071E-03
4.548	0	6.212E-02	6.496E-03
4.585	0	5.835E-02	6.049E-03
4.623	0	5.187E-02	5.614E-03
4.661	0	4.424E-02	4.864E-03
4.701	0	3.451E-02	4.268E-03
4.741	0	4.639E-02	4.934E-03
4.781	0	3.413E-02	4.121E-03
4.822	0	3.146E-02	3.803E-03
4.863	0	2.540E-02	3.500E-03
4.905	0	3.349E-02	3.915E-03
4.947	0	2.620E-02	3.284E-03
4.989	0	3.182E-02	3.666E-03
5.033	0	2.736E-02	3.339E-03
5.077	0	3.145E-02	3.686E-03
5.122	0	2.758E-02	3.404E-03
5.166	0	2.985E-02	3.527E-03
5.212	0	2.296E-02	2.994E-03
5.258	0	2.374E-02	2.946E-03
5.305	0	2.058E-02	2.719E-03
5.353	0	2.215E-02	2.804E-03
5.401	0	1.679E-02	2.316E-03
5.451	0	2.013E-02	2.575E-03
5.500	0	1.491E-02	2.226E-03
5.550	0	1.734E-02	2.408E-03
5.601	0	1.661E-02	2.285E-03
5.653	0	1.702E-02	2.344E-03
5.705	0	1.839E-02	2.462E-03
5.758	0	1.875E-02	2.503E-03
5.812	0	1.958E-02	2.537E-03
5.867	0	1.992E-02	2.609E-03
5.922	0	1.693E-02	2.255E-03
5.978	0	1.674E-02	2.231E-03
6.035	0	1.371E-02	2.042E-03
6.093	0	1.216E-02	1.845E-03
6.151	0	2.006E-02	2.542E-03
6.211	0	1.752E-02	2.358E-03
6.271	0	1.961E-02	2.490E-03
6.333	0	1.544E-02	2.220E-03
6.395	0	2.334E-02	2.829E-03
6.458	0	1.737E-02	2.344E-03
6.522	0	1.357E-02	2.128E-03
6.587	0	2.098E-02	2.531E-03
6.653	0	1.488E-02	2.091E-03
6.720	0	1.301E-02	1.937E-03
6.788	0	1.660E-02	2.295E-03
6.857	0	1.652E-02	2.220E-03

