0.4997	0	6.88E-08	7.56E-09
0.5096	0	8.28E-08	8.53E-09
0.5196	0	9.57E-08	9.85E-09
0.5297	0	1.47E-07	1.52E-08
0.5401	0	2.15E-07	2.20E-08
0.5456	0	2.95E-07	3.06E-08
0.5504	0	3.61E-07	3.66E-08
0.5554	0	4.72E-07	4.77E-08
0.5582	0	3.93E-07	3.90E-08
0.5609	0	6.14E-07	6.20E-08
0.5633	0	5.42E-07	5.38E-08
0.5684	0	7.47E-07	7.45E-08
0.5737	0	1.02E-06	1.01E-07
0.5790	0	1.37E-06	1.38E-07
0.5843	0	1.80E-06	1.80E-07
0.5874	0	2.60E-06	2.62E-07
0.5897	0	2.19E-06	2.21E-07
0.5926	0	3.07E-06	3.10E-07
0.5951	0	2.48E-06	2.51E-07
0.5977	0	2.59E-06	2.62E-07
0.5994	0	2.70E-06	2.74E-07
0.6005	0	3.17E-05	3.20E-06
0.6027	0	4.41E-06	4.48E-07
0.6032	0	4.83E-05	4.88E-06
0.6034	0	3.01E-05	3.04E-06
0.6040	0	4.01E-05	4.05E-06
0.6046	0	4.47E-05	4.51E-06
0.6052	0	4.56E-05	4.61E-06
0.6057	0	4.64E-05	4.69E-06
0.6059	0	4.78E-05	4.84E-06
0.6086	0	4.55E-05	4.62E-06
0.6087	0	4.25E-05	4.30E-06
0.6113	0	4.32E-05	4.39E-06
0.6114	0	3.25E-05	3.30E-06
0.6141	0	3.89E-05	3.96E-06
0.6143	0	2.22E-05	2.26E-06
0.6168	0	1.65E-05	1.68E-06
0.6168	0	2.88E-05	2.93E-06
0.6196	0	1.82E-05	1.86E-06
0.6198	0	1.16E-05	1.18E-06
0.6223	0	1.12E-05	1.15E-06
0.6224	0	8.00E-06	8.18E-07
0.6250	0	6.91E-06	7.12E-07
0.6254	0	6.39E-06	6.56E-07
0.6277	0	5.04E-06	5.19E-07
0.6278	0	4.84E-06	4.99E-07
0.6306	0	3.83E-06	3.96E-07
0.6306	0	3.67E-06	3.80E-07
0.6334	0	3.42E-06	3.55E-07
0.6335	0	3.12E-06	3.23E-07
0.6361	0	2.68E-06	2.77E-07
0.6362	0	3.03E-06	3.15E-07
0.6390	0	2.78E-06	2.89E-07
0.6390	0	2.37E-06	2.45E-07
0.6418	0	2.27E-06	2.35E-07
0.6420	0	2.63E-06	2.74E-07
0.6445	0	2.52E-06	2.62E-07
0.6448	0	2.04E-06	2.12E-07
0.6473	0	2.32E-06	2.43E-07
0.6473	0	1.92E-06	2.00E-07
0.6501	0	2.30E-06	2.41E-07
0.6501	0	1.87E-06	1.96E-07
0.6524	0	2.14E-06	2.24E-07
0.6529	0	1.86E-06	1.94E-07
0.6552	0	1.81E-06	1.90E-07
0.6618	0	1.92E-06	2.03E-07
0.6647	0	1.69E-06	1.78E-07
0.6660	0	1.84E-06	1.94E-07
0.6689	0	1.46E-06	1.54E-07
0.6691	0	1.83E-06	1.93E-07
0.6720	0	1.49E-06	1.58E-07
0.7167	0	1.62E-06	1.75E-07
0.7344	0	1.98E-06	2.15E-07
0.7652	0	2.97E-06	3.28E-07
0.7956	0	4.62E-06	5.18E-07
0.8210	0	6.90E-06	7.82E-07
0.8469	0	1.03E-05	1.18E-06
0.8659	0	1.42E-05	1.64E-06
0.8854	0	1.91E-05	2.23E-06
0.9052	0	2.71E-05	3.19E-06
0.9252	0	3.97E-05	4.72E-06
0.9454	0	5.75E-05	6.91E-06
0.9659	0	8.27E-05	1.00E-05
1.0005	0	1.73E-04	2.13E-05
1.0178	0	2.28E-04	2.81E-05
1.0213	0	2.82E-04	3.49E-05
1.0279	0	3.00E-04	3.72E-05
1.0315	0	3.66E-04	4.56E-05
1.0376	0	3.95E-04	4.92E-05
1.0412	0	4.61E-04	5.75E-05
1.0465	0	4.88E-04	6.09E-05
1.0500	0	5.48E-04	6.86E-05
1.0577	0	5.30E-04	6.67E-05
1.0613	0	5.49E-04	6.91E-05
1.0676	0	4.62E-04	5.83E-05
1.0712	0	4.36E-04	5.51E-05
1.0777	0	3.29E-04	4.17E-05
1.0813	0	2.92E-04	3.70E-05
1.0881	0	2.01E-04	2.56E-05
1.0914	0	1.91E-04	2.43E-05
1.0979	0	1.33E-04	1.70E-05
1.1084	0	1.06E-04	1.37E-05
1.1181	0	1.09E-04	1.41E-05
1.1286	0	1.26E-04	1.64E-05
1.1390	0	1.68E-04	2.19E-05
1.1485	0	2.25E-04	2.95E-05
1.1589	0	3.21E-04	4.23E-05
1.1685	0	4.59E-04	6.06E-05
1.1783	0	6.72E-04	8.91E-05
1.1901	0	1.30E-03	1.74E-04
1.1998	0	2.73E-03	3.64E-04
1.2085	0	4.18E-03	5.59E-04
1.2189	0	4.24E-03	5.69E-04
1.2288	0	2.97E-03	4.00E-04
1.2382	0	1.85E-03	2.51E-04
1.2588	0	1.35E-03	1.84E-04
1.2687	0	1.41E-03	1.94E-04
1.2687	0	1.34E-03	1.85E-04
1.2809	0	1.54E-03	2.13E-04
1.2902	0	2.21E-03	3.05E-04
1.2997	0	2.33E-03	3.25E-04
1.3096	0	2.77E-03	3.87E-04
1.3196	0	4.04E-03	5.67E-04
1.3297	0	5.15E-03	7.25E-04
1.3400	0	4.71E-03	6.66E-04
1.3496	0	3.54E-03	5.03E-04
1.3708	0	3.11E-03	4.46E-04
1.3910	0	3.40E-03	4.92E-04
1.4101	0	3.88E-03	5.66E-04
1.4203	0	4.14E-03	6.08E-04
1.4311	0	4.52E-03	6.67E-04
1.4411	0	4.94E-03	7.31E-04
1.4509	0	5.47E-03	8.13E-04
1.4606	0	6.39E-03	9.54E-04
1.4709	0	7.75E-03	1.16E-03
1.4806	0	1.03E-02	1.56E-03
1.4907	0	1.66E-02	2.51E-03
1.5007	0	2.81E-02	4.28E-03
1.5109	0	3.35E-02	5.13E-03
1.5210	0	2.75E-02	4.23E-03
1.5313	0	2.02E-02	3.11E-03
1.5411	0	1.82E-02	2.82E-03
1.5512	0	1.89E-02	2.96E-03
1.5612	0	2.16E-02	3.38E-03
1.5712	0	2.46E-02	3.88E-03
1.5813	0	2.72E-02	4.30E-03
1.5909	0	2.61E-02	4.16E-03
1.6111	0	1.93E-02	3.11E-03
1.6314	0	1.44E-02	2.33E-03
1.6514	0	1.20E-02	1.98E-03
1.6713	0	1.09E-02	1.81E-03
1.6916	0	1.02E-02	1.72E-03
1.7118	0	9.91E-03	1.68E-03
1.7321	0	9.83E-03	1.69E-03
1.7521	0	9.79E-03	1.70E-03
1.7722	0	9.86E-03	1.74E-03
1.7925	0	1.00E-02	1.79E-03
1.8126	0	1.06E-02	1.90E-03
1.8329	0	1.09E-02	1.99E-03
1.8527	0	1.08E-02	2.00E-03
1.8728	0	1.12E-02	2.11E-03
1.8927	0	1.17E-02	2.22E-03
1.9130	0	1.24E-02	2.40E-03
1.9326	0	1.33E-02	2.61E-03
1.9535	0	1.51E-02	2.98E-03
1.9735	0	1.81E-02	3.64E-03
1.9937	0	2.37E-02	4.84E-03
2.0139	0	3.71E-02	7.69E-03
2.0139	0	4.11E-02	8.52E-03

