2.53	94.1	1.19E-01	5.95E-03
2.58	94.1	1.18E-01	5.90E-03
2.60	94.1	1.16E-01	5.80E-03
2.62	94.1	1.10E-01	5.50E-03
2.66	94.1	1.07E-01	5.35E-03
2.68	94.1	1.09E-01	5.45E-03
2.70	94.1	1.06E-01	5.30E-03
2.71	94.1	1.02E-01	5.10E-03
2.73	94.1	1.02E-01	5.10E-03
2.75	94.1	9.70E-02	4.85E-03
2.77	94.1	9.70E-02	4.85E-03
2.79	94.1	9.70E-02	4.85E-03
2.81	94.1	9.50E-02	4.75E-03
2.83	94.1	9.10E-02	4.55E-03
2.85	94.1	9.00E-02	4.50E-03
2.86	94.1	9.00E-02	4.50E-03
2.88	94.1	8.60E-02	4.30E-03
2.90	94.1	8.60E-02	4.30E-03
2.92	94.1	8.50E-02	4.25E-03
2.94	94.1	8.30E-02	4.15E-03
2.96	94.1	7.70E-02	3.85E-03
2.98	94.1	7.40E-02	3.70E-03
2.99	94.1	7.10E-02	3.55E-03
3.01	94.1	7.00E-02	3.50E-03
3.03	94.1	6.50E-02	3.25E-03
3.05	94.1	6.50E-02	3.25E-03
3.07	94.1	5.90E-02	2.95E-03
3.09	94.1	5.70E-02	2.85E-03
3.11	94.1	5.10E-02	2.55E-03
3.13	94.1	4.60E-02	2.30E-03
3.14	94.1	3.90E-02	1.95E-03
3.16	94.1	2.90E-02	1.45E-03
3.18	94.1	2.10E-02	1.05E-03
3.20	94.1	3.10E-02	1.55E-03
3.22	94.1	5.10E-02	2.55E-03
3.23	94.1	5.50E-02	2.75E-03
3.27	94.1	5.60E-02	2.80E-03
3.29	94.1	5.50E-02	2.75E-03
3.31	94.1	5.10E-02	2.55E-03
3.33	94.1	5.00E-02	2.50E-03
3.35	94.1	4.80E-02	2.40E-03
3.37	94.1	4.60E-02	2.30E-03
3.39	94.1	4.70E-02	2.35E-03
3.40	94.1	4.40E-02	2.20E-03
3.42	94.1	4.20E-02	2.10E-03
3.44	94.1	4.10E-02	2.05E-03
2.50	133.2	1.03E-01	5.15E-03
2.52	133.2	1.01E-01	5.05E-03
2.54	133.2	1.02E-01	5.10E-03
2.56	133.2	9.80E-02	4.90E-03
2.57	133.2	9.40E-02	4.70E-03
2.58	133.2	9.60E-02	4.80E-03
2.61	133.2	9.40E-02	4.70E-03
2.63	133.2	9.40E-02	4.70E-03
2.65	133.2	9.20E-02	4.60E-03
2.67	133.2	8.90E-02	4.45E-03
2.69	133.2	8.30E-02	4.15E-03
2.71	133.2	7.20E-02	3.60E-03
2.72	133.2	6.90E-02	3.45E-03
2.74	133.2	7.60E-02	3.80E-03
2.76	133.2	7.90E-02	3.95E-03
2.78	133.2	8.00E-02	4.00E-03
2.80	133.2	8.20E-02	4.10E-03
2.82	133.2	8.40E-02	4.20E-03
2.84	133.2	8.20E-02	4.10E-03
2.85	133.2	8.20E-02	4.10E-03
2.87	133.2	8.40E-02	4.20E-03
2.89	133.2	8.20E-02	4.10E-03
2.91	133.2	7.90E-02	3.95E-03
2.93	133.2	8.00E-02	4.00E-03
2.95	133.2	7.90E-02	3.95E-03
2.97	133.2	7.40E-02	3.70E-03
2.99	133.2	7.50E-02	3.75E-03
3.00	133.2	7.30E-02	3.65E-03
3.02	133.2	7.20E-02	3.60E-03
3.04	133.2	7.30E-02	3.65E-03
3.06	133.2	7.20E-02	3.60E-03
3.08	133.2	7.40E-02	3.70E-03
3.10	133.2	7.60E-02	3.80E-03
3.12	133.2	7.50E-02	3.75E-03
3.13	133.2	7.50E-02	3.75E-03
3.15	133.2	7.60E-02	3.80E-03
3.17	133.2	9.60E-02	4.80E-03
3.18	133.2	1.90E-01	9.50E-03
3.19	133.2	1.05E-01	5.25E-03
3.21	133.2	7.70E-02	3.85E-03
3.23	133.2	5.20E-02	2.60E-03
3.25	133.2	4.40E-02	2.20E-03
3.27	133.2	3.90E-02	1.95E-03
3.28	133.2	3.70E-02	1.85E-03
3.30	133.2	3.40E-02	1.70E-03
3.32	133.2	3.10E-02	1.55E-03
3.34	133.2	2.70E-02	1.35E-03
3.36	133.2	2.50E-02	1.25E-03
3.38	133.2	2.30E-02	1.15E-03
3.40	133.2	2.10E-02	1.05E-03
3.40	133.2	2.10E-02	1.05E-03
3.45	133.2	2.50E-02	1.25E-03
3.46	133.2	2.70E-02	1.35E-03
3.49	133.2	2.90E-02	1.45E-03
3.51	133.2	3.00E-02	1.50E-03
3.53	133.2	3.20E-02	1.60E-03
3.54	133.2	3.40E-02	1.70E-03
3.55	133.2	3.50E-02	1.75E-03
3.57	133.2	3.70E-02	1.85E-03
3.59	133.2	3.80E-02	1.90E-03
3.62	133.2	4.00E-02	2.00E-03
3.63	133.2	4.10E-02	2.05E-03
3.65	133.2	4.30E-02	2.15E-03
3.67	133.2	4.40E-02	2.20E-03
3.68	133.2	4.60E-02	2.30E-03
3.71	133.2	4.60E-02	2.30E-03
2.50	152.1	8.40E-02	4.20E-03
2.52	152.1	8.00E-02	4.00E-03
2.54	152.1	8.20E-02	4.10E-03
2.56	152.1	7.70E-02	3.85E-03
2.57	152.1	7.80E-02	3.90E-03
2.59	152.1	7.70E-02	3.85E-03
2.61	152.1	7.40E-02	3.70E-03
2.63	152.1	7.50E-02	3.75E-03
2.65	152.1	7.50E-02	3.75E-03
2.67	152.1	7.00E-02	3.50E-03
2.69	152.1	6.20E-02	3.10E-03
2.71	152.1	4.70E-02	2.35E-03
2.72	152.1	4.60E-02	2.30E-03
2.74	152.1	5.30E-02	2.65E-03
2.76	152.1	6.20E-02	3.10E-03
2.78	152.1	6.40E-02	3.20E-03
2.80	152.1	6.70E-02	3.35E-03
2.82	152.1	6.80E-02	3.40E-03
2.84	152.1	6.90E-02	3.45E-03
2.85	152.1	6.90E-02	3.45E-03
2.87	152.1	7.10E-02	3.55E-03
2.89	152.1	7.00E-02	3.50E-03
2.91	152.1	7.00E-02	3.50E-03
2.93	152.1	7.00E-02	3.50E-03
2.95	152.1	7.00E-02	3.50E-03
2.97	152.1	6.90E-02	3.45E-03
2.99	152.1	7.00E-02	3.50E-03
3.00	152.1	6.70E-02	3.35E-03
3.02	152.1	6.60E-02	3.30E-03
3.04	152.1	6.60E-02	3.30E-03
3.06	152.1	6.70E-02	3.35E-03
3.08	152.1	6.80E-02	3.40E-03
3.10	152.1	7.00E-02	3.50E-03
3.12	152.1	7.30E-02	3.65E-03
3.13	152.1	7.90E-02	3.95E-03
3.15	152.1	8.10E-02	4.05E-03
3.17	152.1	1.03E-01	5.15E-03
3.18	152.1	1.59E-01	7.95E-03
3.19	152.1	1.54E-01	7.70E-03
3.21	152.1	1.09E-01	5.45E-03
3.23	152.1	6.50E-02	3.25E-03
3.25	152.1	4.70E-02	2.35E-03
3.27	152.1	3.70E-02	1.85E-03
3.28	152.1	3.40E-02	1.70E-03
3.30	152.1	3.00E-02	1.50E-03
3.32	152.1	2.60E-02	1.30E-03
3.34	152.1	2.30E-02	1.15E-03
3.36	152.1	1.80E-02	9.00E-04
3.38	152.1	1.50E-02	7.50E-04
3.40	152.1	1.10E-02	5.50E-04
3.41	152.1	1.20E-02	6.00E-04
3.43	152.1	1.30E-02	6.50E-04
3.45	152.1	1.40E-02	7.00E-04
3.47	152.1	1.60E-02	8.00E-04
3.49	152.1	1.90E-02	9.50E-04
3.51	152.1	2.00E-02	1.00E-03
3.54	152.1	2.60E-02	1.30E-03
3.56	152.1	2.70E-02	1.35E-03
3.58	152.1	3.10E-02	1.55E-03
3.60	152.1	3.40E-02	1.70E-03
3.62	152.1	3.70E-02	1.85E-03
3.64	152.1	4.00E-02	2.00E-03
3.66	152.1	4.00E-02	2.00E-03
3.68	152.1	4.10E-02	2.05E-03
3.69	152.1	4.10E-02	2.05E-03
3.71	152.1	4.30E-02	2.15E-03

