1.958	0	1.54E-03	6.15E-05
1.974	0	2.12E-03	8.48E-05
1.990	0	3.98E-03	1.59E-04
2.016	0	6.68E-03	2.67E-04
2.033	0	1.54E-02	6.17E-04
2.033	0	2.02E-02	8.08E-04
2.044	0	2.57E-02	1.03E-03
2.065	0	2.59E-02	1.04E-03
2.070	0	2.45E-02	9.80E-04
2.081	0	2.07E-02	8.29E-04
2.106	0	1.13E-02	4.52E-04
2.121	0	7.10E-03	2.84E-04
2.142	0	5.51E-03	2.20E-04
2.163	0	4.03E-03	1.61E-04
2.189	0	3.39E-03	1.36E-04
2.216	0	2.97E-03	1.19E-04
2.252	0	2.60E-03	1.04E-04
2.294	0	2.54E-03	1.02E-04
2.342	0	2.54E-03	1.02E-04
2.373	0	2.75E-03	1.10E-04
2.426	0	3.02E-03	1.21E-04
2.468	0	3.55E-03	1.42E-04
2.505	0	4.45E-03	1.78E-04
2.616	0	1.29E-02	5.15E-04
2.658	0	9.11E-03	3.65E-04
2.699	0	4.82E-03	1.93E-04
2.762	0	3.07E-03	1.23E-04
2.799	0	2.80E-03	1.12E-04
2.846	0	2.85E-03	1.14E-04
2.883	0	2.96E-03	1.18E-04
2.920	0	2.91E-03	1.16E-04
2.925	0	6.14E-03	2.46E-04
2.936	0	6.73E-03	2.69E-04
2.946	0	7.41E-03	2.97E-04
2.951	0	3.60E-03	1.44E-04
2.962	0	2.96E-03	1.18E-04
2.973	0	1.21E-02	4.85E-04
2.977	0	2.64E-03	1.06E-04
2.984	0	1.58E-02	6.32E-04
2.988	0	5.51E-03	2.20E-04
2.994	0	6.57E-03	2.63E-04
2.999	0	1.05E-02	4.22E-04
3.009	0	4.87E-03	1.95E-04
3.020	0	5.35E-03	2.14E-04
3.030	0	4.82E-03	1.93E-04
3.083	0	4.92E-03	1.97E-04
3.114	0	5.29E-03	2.12E-04
3.167	0	5.87E-03	2.35E-04
3.204	0	8.90E-03	3.56E-04
3.246	0	1.45E-02	5.79E-04
3.277	0	8.21E-03	3.28E-04
3.330	0	6.67E-03	2.67E-04
3.367	0	6.99E-03	2.79E-04
3.414	0	7.62E-03	3.05E-04
3.451	0	8.79E-03	3.52E-04
3.472	0	9.00E-03	3.60E-04
3.503	0	9.21E-03	3.68E-04
3.519	0	8.52E-03	3.41E-04
3.540	0	7.78E-03	3.11E-04
3.557	0	1.91E-02	7.65E-04
3.577	0	1.36E-02	5.45E-04
3.609	0	1.21E-02	4.85E-04
3.651	0	1.15E-02	4.62E-04
3.672	0	1.18E-02	4.70E-04
3.693	0	1.66E-02	6.63E-04
3.709	0	1.94E-02	7.76E-04
3.746	0	1.70E-02	6.80E-04
3.762	0	1.68E-02	6.72E-04
3.788	0	1.59E-02	6.38E-04
3.814	0	1.48E-02	5.93E-04
3.835	0	1.58E-02	6.34E-04
3.856	0	1.50E-02	6.02E-04
3.877	0	1.29E-02	5.17E-04
3.902	0	3.48E-03	1.39E-04
3.923	0	4.17E-03	1.67E-04
3.945	0	9.69E-03	3.87E-04
3.955	0	1.08E-02	4.32E-04
3.982	0	1.20E-02	4.79E-04
4.003	0	1.23E-02	4.91E-04
4.019	0	1.30E-02	5.19E-04
4.034	0	1.24E-02	4.96E-04
4.076	0	1.26E-02	5.04E-04
4.108	0	1.22E-02	4.89E-04
4.124	0	1.18E-02	4.70E-04
4.145	0	1.06E-02	4.26E-04
4.176	0	1.08E-02	4.32E-04
4.187	0	1.15E-02	4.59E-04
4.213	0	1.42E-02	5.70E-04
4.229	0	1.60E-02	6.40E-04
4.234	0	1.73E-02	6.91E-04
4.250	0	1.18E-02	4.70E-04
4.250	0	1.69E-02	6.76E-04
4.275	0	5.97E-03	2.39E-04
4.291	0	6.87E-03	2.75E-04
4.313	0	1.34E-02	5.36E-04
4.329	0	1.57E-02	6.29E-04
4.344	0	1.03E-02	4.13E-04
4.354	0	6.55E-03	2.62E-04
4.365	0	5.55E-03	2.22E-04
4.396	0	5.07E-03	2.03E-04
4.438	0	5.23E-03	2.09E-04
4.475	0	5.70E-03	2.28E-04
4.480	0	6.82E-03	2.73E-04
4.496	0	5.92E-03	2.37E-04
4.517	0	6.34E-03	2.54E-04
4.543	0	6.29E-03	2.51E-04
4.559	0	6.66E-03	2.66E-04
4.591	0	7.03E-03	2.81E-04
4.612	0	7.35E-03	2.94E-04
4.633	0	7.77E-03	3.11E-04
4.649	0	8.51E-03	3.41E-04
4.670	0	8.67E-03	3.47E-04
4.680	0	9.41E-03	3.77E-04
4.696	0	1.02E-02	4.08E-04
4.712	0	1.12E-02	4.47E-04
4.723	0	1.20E-02	4.78E-04
4.738	0	1.25E-02	5.00E-04
4.765	0	1.37E-02	5.46E-04
4.775	0	1.48E-02	5.91E-04
4.786	0	1.59E-02	6.37E-04
4.812	0	1.63E-02	6.50E-04
4.833	0	1.74E-02	6.97E-04
4.875	0	1.73E-02	6.93E-04
4.896	0	1.60E-02	6.40E-04
4.901	0	1.69E-02	6.74E-04
4.932	0	1.58E-02	6.32E-04
4.948	0	1.83E-02	7.34E-04
4.953	0	2.15E-02	8.61E-04
4.969	0	3.00E-02	1.20E-03
4.975	0	4.66E-02	1.86E-03
5.001	0	4.49E-02	1.79E-03
5.011	0	3.74E-02	1.50E-03
5.037	0	3.32E-02	1.33E-03
5.048	0	3.11E-02	1.24E-03
5.074	0	2.98E-02	1.19E-03
5.079	0	2.72E-02	1.09E-03
5.100	0	2.60E-02	1.04E-03
5.112	0	2.48E-02	9.92E-04
5.133	0	2.35E-02	9.41E-04
5.144	0	2.11E-02	8.43E-04
5.175	0	1.81E-02	7.22E-04
5.175	0	1.95E-02	7.82E-04
5.206	0	1.60E-02	6.42E-04
5.238	0	1.60E-02	6.42E-04
5.254	0	1.66E-02	6.63E-04
5.270	0	1.79E-02	7.16E-04
5.285	0	1.73E-02	6.92E-04
5.290	0	1.60E-02	6.39E-04
5.332	0	1.33E-02	5.33E-04
5.338	0	1.58E-02	6.31E-04
5.349	0	2.28E-02	9.13E-04
5.369	0	1.95E-02	7.79E-04
5.374	0	1.34E-02	5.38E-04
5.384	0	1.06E-02	4.23E-04
5.411	0	9.99E-03	4.00E-04
5.426	0	9.57E-03	3.83E-04
5.453	0	1.02E-02	4.06E-04
5.453	0	1.05E-02	4.21E-04
5.474	0	1.18E-02	4.72E-04
5.490	0	1.38E-02	5.50E-04
5.490	0	1.81E-02	7.24E-04
5.506	0	1.94E-02	7.77E-04
5.521	0	1.17E-02	4.67E-04
5.542	0	1.05E-02	4.21E-04
5.548	0	1.33E-02	5.31E-04
5.579	0	1.47E-02	5.88E-04
5.611	0	1.53E-02	6.12E-04
5.621	0	1.32E-02	5.27E-04
5.642	0	6.12E-03	2.45E-04
5.683	0	3.15E-03	1.26E-04
5.715	0	3.63E-03	1.45E-04
5.736	0	4.26E-03	1.70E-04
5.752	0	4.69E-03	1.87E-04
5.762	0	5.80E-03	2.32E-04
5.799	0	6.06E-03	2.43E-04
5.820	0	7.18E-03	2.87E-04
5.826	0	8.77E-03	3.51E-04
5.852	0	9.99E-03	3.99E-04
5.883	0	7.97E-03	3.19E-04
5.910	0	7.65E-03	3.06E-04
5.931	0	7.23E-03	2.89E-04
5.967	0	7.18E-03	2.87E-04
5.983	0	7.76E-03	3.10E-04
5.994	0	8.18E-03	3.27E-04
5.994	0	1.02E-02	4.08E-04
6.010	0	1.08E-02	4.33E-04
6.031	0	1.19E-02	4.76E-04
6.057	0	1.14E-02	4.57E-04
6.089	0	1.15E-02	4.61E-04
6.110	0	1.07E-02	4.27E-04
6.146	0	1.06E-02	4.23E-04
6.173	0	1.07E-02	4.29E-04
6.188	0	1.13E-02	4.52E-04
6.240	0	3.04E-03	1.21E-04
6.266	0	1.66E-03	6.63E-05
6.287	0	1.39E-03	5.57E-05
6.308	0	1.39E-03	5.57E-05
6.324	0	1.98E-03	7.90E-05
6.361	0	1.92E-03	7.69E-05
6.408	0	1.97E-03	7.90E-05
6.424	0	1.39E-03	5.56E-05
6.461	0	1.34E-03	5.35E-05
6.497	0	1.34E-03	5.35E-05
6.540	0	1.34E-03	5.35E-05
6.576	0	1.34E-03	5.35E-05
6.597	0	1.55E-03	6.20E-05
6.624	0	2.24E-03	8.95E-05
6.639	0	2.50E-03	1.00E-04
6.666	0	2.56E-03	1.02E-04
6.682	0	3.35E-03	1.34E-04
6.708	0	4.73E-03	1.89E-04
6.734	0	4.25E-03	1.70E-04
6.787	0	2.98E-03	1.19E-04
6.808	0	3.62E-03	1.45E-04
6.829	0	5.31E-03	2.12E-04
6.861	0	7.91E-03	3.16E-04
6.887	0	7.96E-03	3.19E-04
6.908	0	6.96E-03	2.78E-04
6.944	0	3.99E-03	1.59E-04
6.976	0	4.04E-03	1.62E-04
7.018	0	4.57E-03	1.83E-04
7.044	0	4.73E-03	1.89E-04
7.065	0	4.99E-03	2.00E-04
7.086	0	5.26E-03	2.10E-04
7.102	0	5.73E-03	2.29E-04
7.123	0	7.22E-03	2.89E-04
7.160	0	7.59E-03	3.04E-04
7.186	0	6.85E-03	2.74E-04
7.213	0	7.70E-03	3.08E-04
7.255	0	8.33E-03	3.33E-04
7.281	0	7.91E-03	3.16E-04
7.307	0	6.42E-03	2.57E-04
7.307	0	7.43E-03	2.97E-04
7.328	0	3.88E-03	1.55E-04
7.370	0	2.66E-03	1.06E-04
7.391	0	1.75E-03	7.02E-05
7.422	0	1.44E-03	5.74E-05
7.454	0	1.17E-03	4.68E-05
7.501	0	1.28E-03	5.10E-05
7.527	0	1.54E-03	6.16E-05
7.564	0	1.01E-03	4.04E-05
7.580	0	1.59E-03	6.37E-05
7.591	0	6.68E-03	2.67E-04
7.602	0	1.23E-02	4.90E-04
7.638	0	8.70E-03	3.48E-04
7.659	0	7.43E-03	2.97E-04
7.696	0	7.58E-03	3.03E-04
7.707	0	9.23E-03	3.69E-04
7.733	0	1.23E-02	4.90E-04
7.759	0	1.29E-02	5.18E-04
7.770	0	1.12E-02	4.50E-04
7.796	0	6.47E-03	2.59E-04
7.822	0	3.71E-03	1.48E-04
7.864	0	1.43E-03	5.72E-05
7.890	0	9.01E-04	3.60E-05
7.927	0	7.41E-04	2.96E-05
7.948	0	1.01E-03	4.02E-05

